1d
2023-01-13 00:00:00
[1655596800000, 49.59, 55.47, 45.93, 54.06, 3237676.7]
[1655683200000, 54.05, 63.22, 50.34, 61.54, 3874259.6]
[1655769600000, 61.55, 77.67, 59.84, 66.34, 3984272.0]
[1655856000000, 66.34, 67.82, 61.25, 61.82, 2514708.7]
[1655942400000, 61.88, 69.85, 61.67, 68.0, 2256088.9]
[1656028800000, 67.97, 72.95, 65.34, 71.06, 2027258.2]
[1656115200000, 71.09, 75.7, 66.45, 69.91, 1690342.2]
[1656201600000, 69.92, 73.18, 65.01, 65.36, 1178154.5]
[1656288000000, 65.35, 68.19, 62.62, 65.52, 1091541.2]
[1656374400000, 65.51, 69.4, 59.41, 60.05, 1768800.0]
[1656460800000, 60.05, 62.28, 57.79, 59.88, 1598723.0]
[1656547200000, 59.88, 60.25, 52.96, 57.01, 1761046.5]
[1656633600000, 57.01, 59.22, 54.77, 56.31, 1652064.1]
[1656720000000, 56.32, 58.46, 54.69, 57.89, 1264138.4]
[1656806400000, 57.88, 58.55, 54.69, 57.59, 1220678.0]
[1656892800000, 57.6, 63.34, 56.05, 63.05, 1484180.2]
[1656979200000, 63.04, 64.31, 57.9, 60.58, 1212576.6]
[1657065600000, 60.58, 63.94, 59.59, 62.94, 1135262.5]
[1657152000000, 62.92, 72.4, 62.05, 71.13, 2534483.1]
[1657238400000, 71.1, 75.93, 67.79, 71.62, 3220694.4]
[1657324800000, 71.61, 83.18, 71.06, 81.8, 2453768.4]
[1657411200000, 81.8, 82.17, 74.72, 77.78, 4555488.2]
[1657497600000, 77.79, 78.24, 69.4, 69.86, 2850724.0]
[1657584000000, 69.86, 71.9, 65.63, 68.32, 2590971.7]
[1657670400000, 68.32, 80.66, 67.26, 79.67, 5365287.5]
[1657756800000, 79.67, 92.8, 77.36, 91.13, 4970076.2]
[1657843200000, 91.13, 95.64, 86.78, 90.38, 4046267.8]
[1657929600000, 90.37, 95.92, 87.3, 92.73, 2606662.2]
[1658016000000, 92.74, 93.63, 86.18, 88.24, 1973105.4]
[1658102400000, 88.26, 99.46, 87.65, 96.1, 2445027.8]
[1658188800000, 96.09, 102.46, 92.1, 95.58, 2505261.4]
[1658275200000, 95.55, 100.99, 89.25, 90.75, 2000448.9]
[1658361600000, 90.77, 97.6, 87.83, 95.31, 1643524.3]
[1658448000000, 95.31, 96.46, 88.26, 89.47, 1354372.0]
[1658534400000, 89.47, 93.06, 85.25, 89.31, 1113434.9]
[1658620800000, 89.3, 93.55, 88.08, 90.53, 998728.5]
[1658707200000, 90.53, 91.36, 81.09, 81.27, 1367487.8]
[1658793600000, 81.27, 82.78, 76.38, 81.05, 1273308.3]
[1658880000000, 81.04, 95.69, 78.93, 94.65, 1828297.5]
[1658966400000, 94.67, 103.55, 89.56, 100.43, 2235613.5]
[1659052800000, 100.45, 102.31, 93.69, 95.42, 1347676.1]
[1659139200000, 95.49, 100.79, 93.51, 95.19, 987276.6]
[1659225600000, 95.21, 109.4, 93.6, 97.44, 2307208.3]
[1659312000000, 97.44, 100.38, 94.01, 96.48, 1080081.6]
[1659398400000, 96.48, 99.47, 88.24, 93.34, 1504091.0]
[1659484800000, 93.36, 101.09, 91.45, 94.84, 1204026.1]
[1659571200000, 94.84, 99.6, 93.2, 96.27, 1064760.0]
[1659657600000, 96.27, 103.72, 96.24, 102.78, 1138131.5]
[1659744000000, 102.76, 103.41, 98.66, 99.0, 531744.4]
[1659830400000, 99.01, 104.63, 96.87, 101.22, 629901.6]
[1659916800000, 101.22, 106.87, 100.95, 102.41, 766994.6]
[1660003200000, 102.39, 103.42, 95.2, 97.78, 756238.3]
[1660089600000, 97.78, 113.04, 95.25, 111.04, 1982260.8]
[1660176000000, 111.03, 113.97, 106.22, 107.51, 1386266.0]
[1660262400000, 107.52, 115.94, 105.36, 114.59, 1128296.2]
[1660348800000, 114.58, 115.71, 109.4, 110.52, 889173.9]
[1660435200000, 110.52, 113.18, 105.76, 107.37, 735124.8]
[1660521600000, 107.38, 112.41, 103.71, 107.03, 1281115.9]
[1660608000000, 107.01, 110.42, 105.43, 109.77, 1098309.2]
[1660694400000, 109.78, 112.31, 99.17, 100.17, 1253051.3]
[1660780800000, 100.18, 101.62, 93.84, 94.79, 981945.1]
[1660867200000, 94.79, 95.26, 82.67, 83.31, 1825503.5]
[1660953600000, 83.31, 86.77, 79.78, 82.7, 1207408.8]
[1661040000000, 82.7, 87.01, 81.52, 85.88, 895270.7]
[1661126400000, 85.88, 88.56, 81.8, 88.36, 1481145.5]
[1661212800000, 88.37, 91.14, 85.0, 89.35, 1175796.0]
[1661299200000, 89.38, 91.9, 86.81, 88.38, 923107.3]
[1661385600000, 88.38, 95.77, 87.57, 93.21, 1475169.4]
[1661472000000, 93.22, 94.06, 81.66, 82.65, 1774694.4]
[1661558400000, 82.64, 83.43, 80.33, 82.06, 1003072.2]
[1661644800000, 82.06, 83.42, 78.13, 78.58, 923195.5]
[1661731200000, 78.57, 86.23, 77.82, 85.66, 1025776.7]
[1661817600000, 85.66, 88.03, 81.35, 84.35, 1244217.0]
[1661904000000, 84.34, 88.84, 84.19, 84.75, 914828.8]
[1661990400000, 84.74, 86.97, 81.95, 86.4, 855235.6]
[1662076800000, 86.4, 92.13, 84.75, 88.34, 1186021.7]
[1662163200000, 88.33, 88.77, 85.64, 87.09, 621712.0]
[1662249600000, 87.09, 88.98, 85.7, 88.8, 482916.9]
[1662336000000, 88.79, 91.72, 86.66, 91.13, 600663.3]
[1662422400000, 91.1, 93.74, 82.88, 83.42, 1093700.5]
[1662508800000, 83.42, 89.24, 81.89, 87.46, 780247.7]
[1662595200000, 87.47, 89.99, 85.46, 88.19, 751885.7]
[1662681600000, 88.21, 94.2, 88.14, 91.08, 684103.9]
[1662768000000, 91.1, 93.92, 89.68, 92.65, 602365.4]
[1662854400000, 92.66, 94.43, 89.03, 91.45, 575655.5]
[1662940800000, 91.47, 96.97, 89.29, 90.88, 898144.1]
[1663027200000, 90.89, 93.45, 82.24, 82.91, 1180591.3]
[1663113600000, 82.9, 85.95, 81.06, 83.58, 686989.8]
[1663200000000, 83.56, 84.12, 77.65, 78.46, 989641.0]
[1663286400000, 78.46, 80.49, 77.02, 79.3, 729916.0]
[1663372800000, 79.3, 81.71, 79.02, 81.34, 323579.6]
[1663459200000, 81.33, 81.93, 70.2, 72.98, 659523.4]
[1663545600000, 72.99, 76.99, 70.67, 76.27, 817357.3]
[1663632000000, 76.27, 77.13, 73.67, 74.03, 695839.1]
[1663718400000, 74.04, 79.58, 70.34, 71.52, 1049039.5]
[1663804800000, 71.52, 77.65, 71.39, 76.65, 782792.9]
[1663891200000, 76.65, 78.79, 72.82, 77.0, 780875.5]
[1663977600000, 77.0, 77.4, 74.53, 74.85, 353009.1]
[1664064000000, 74.85, 77.6, 72.63, 73.56, 471694.6]
[1664150400000, 73.54, 76.56, 72.58, 76.23, 775776.4]
[1664236800000, 76.24, 80.87, 74.51, 76.55, 902064.8]
[1664323200000, 76.55, 78.11, 72.87, 76.79, 869367.8]
[1664409600000, 76.79, 77.47, 74.28, 76.88, 609087.0]
[1664496000000, 76.9, 78.02, 73.69, 74.57, 700154.2]
[1664582400000, 74.57, 75.69, 73.88, 74.5, 463065.0]
[1664668800000, 74.5, 75.75, 72.18, 72.58, 559561.2]
[1664755200000, 72.6, 76.21, 71.74, 75.54, 587427.4]
[1664841600000, 75.54, 79.79, 75.5, 78.82, 561713.0]
[1664928000000, 78.83, 79.13, 75.71, 78.67, 463106.5]
[1665014400000, 78.65, 80.44, 77.15, 77.45, 600762.4]
[1665100800000, 77.45, 78.21, 74.97, 75.77, 487211.6]
[1665187200000, 75.78, 76.17, 73.88, 74.66, 276888.8]
[1665273600000, 74.65, 76.02, 74.2, 75.47, 250412.3]
[1665360000000, 75.46, 76.5, 73.21, 73.55, 407727.7]
[1665446400000, 73.55, 73.55, 71.05, 71.43, 504155.5]
[1665532800000, 71.42, 72.75, 70.98, 71.5, 299269.0]
[1665619200000, 71.48, 72.05, 64.71, 70.91, 1091510.5]
[1665705600000, 70.9, 74.68, 70.81, 72.8, 707734.8]
[1665792000000, 72.81, 73.31, 71.37, 71.86, 356284.7]
[1665878400000, 71.86, 76.24, 71.76, 75.85, 550041.3]
[1665964800000, 75.84, 79.65, 74.66, 78.88, 1104008.6]
[1666051200000, 78.88, 83.69, 77.86, 82.35, 1571899.4]
[1666137600000, 82.33, 85.72, 81.11, 82.79, 1916359.3]
[1666224000000, 82.79, 83.93, 79.82, 80.66, 1417318.9]
[1666310400000, 80.67, 83.3, 78.27, 82.07, 1582582.6]
[1666396800000, 82.08, 84.5, 81.25, 82.06, 803941.4]
[1666483200000, 82.06, 90.09, 81.46, 88.77, 1118876.7]
[1666569600000, 88.77, 89.92, 84.65, 85.12, 1363528.4]
[1666656000000, 85.13, 86.38, 81.29, 81.89, 1754315.4]
[1666742400000, 81.89, 85.31, 80.85, 83.36, 1402053.3]
[1666828800000, 83.37, 87.09, 80.5, 81.33, 1084198.9]
[1666915200000, 81.33, 84.9, 80.45, 84.1, 722610.4]
[1667001600000, 84.11, 87.45, 83.74, 85.34, 677220.4]
[1667088000000, 85.35, 86.91, 82.7, 83.83, 434168.7]
[1667174400000, 83.84, 87.16, 82.2, 83.73, 702308.0]
[1667260800000, 83.75, 86.27, 83.49, 84.12, 633855.2]
[1667347200000, 84.12, 85.7, 79.08, 80.37, 853232.5]
[1667433600000, 80.37, 86.65, 79.74, 83.65, 791459.8]
[1667520000000, 83.66, 97.6, 83.14, 94.62, 1719698.0]
[1667606400000, 94.64, 98.2, 93.39, 96.29, 967814.1]
[1667692800000, 96.29, 96.37, 86.2, 86.23, 851177.6]
[1667779200000, 86.25, 90.37, 83.77, 87.19, 956543.0]
[1667865600000, 87.17, 88.28, 65.0, 72.14, 2292729.8]
[1667952000000, 72.14, 73.03, 56.7, 57.98, 1901179.9]
[1668038400000, 57.98, 70.78, 56.92, 67.99, 1633427.3]
[1668124800000, 67.99, 68.87, 60.52, 64.02, 964776.4]
[1668211200000, 64.01, 64.13, 56.71, 58.03, 1693832.9]
[1668297600000, 58.06, 60.97, 55.55, 56.6, 1214404.9]
[1668384000000, 56.6, 59.73, 53.32, 59.05, 1188924.0]
[1668470400000, 59.06, 63.2, 58.34, 60.98, 1143892.0]
[1668556800000, 61.01, 62.13, 57.0, 58.25, 826729.3]
[1668643200000, 58.25, 59.6, 56.73, 58.53, 670670.5]
[1668729600000, 58.55, 61.38, 57.37, 58.29, 672218.1]
[1668816000000, 58.29, 59.16, 56.78, 58.72, 352919.2]
[1668902400000, 58.72, 61.48, 55.46, 55.98, 891630.5]
[1668988800000, 55.98, 58.42, 53.88, 55.85, 1030207.0]
[1669075200000, 55.85, 57.84, 50.0, 57.42, 4361506.9]
[1669161600000, 57.43, 59.34, 56.43, 58.38, 1261090.4]
[1669248000000, 58.39, 60.13, 57.24, 58.09, 717229.1]
[1669334400000, 58.09, 60.45, 56.7, 59.12, 904604.7]
[1669420800000, 59.12, 62.5, 59.05, 61.69, 931944.2]
[1669507200000, 61.69, 63.39, 60.06, 61.53, 1088896.9]
[1669593600000, 61.55, 62.59, 58.43, 60.17, 975734.6]
[1669680000000, 60.17, 62.48, 59.52, 61.57, 546934.8]
[1669766400000, 61.58, 65.99, 61.57, 65.28, 933396.6]
[1669852800000, 65.29, 65.5, 63.0, 63.67, 516725.7]
[1669939200000, 63.67, 65.82, 62.23, 65.67, 591625.7]
[1670025600000, 65.67, 66.37, 62.51, 62.71, 436049.0]
[1670112000000, 62.71, 64.64, 62.62, 64.31, 325834.1]
[1670198400000, 64.31, 67.3, 63.75, 64.35, 644590.8]
[1670284800000, 64.35, 65.54, 62.72, 63.92, 439966.5]
[1670371200000, 63.91, 64.04, 59.97, 61.3, 651688.3]
[1670457600000, 61.31, 63.47, 60.32, 62.82, 482982.8]
[1670544000000, 62.82, 63.35, 61.01, 61.49, 390533.3]
[1670630400000, 61.49, 62.12, 61.1, 61.35, 204318.4]
[1670716800000, 61.35, 61.53, 59.1, 59.63, 298325.1]
[1670803200000, 59.61, 60.85, 58.0, 60.06, 550374.0]
[1670889600000, 60.07, 63.9, 58.12, 62.02, 724246.0]
[1670976000000, 62.03, 63.53, 61.03, 62.52, 488254.9]
[1671062400000, 62.52, 63.1, 60.5, 60.97, 442519.8]
[1671148800000, 60.97, 61.22, 53.62, 54.69, 756742.6]
[1671235200000, 54.67, 55.92, 53.0, 55.51, 560033.6]
[1671321600000, 55.51, 56.54, 54.8, 55.8, 231208.2]
[1671408000000, 55.79, 56.54, 52.93, 53.7, 480494.5]
[1671494400000, 53.69, 56.27, 53.1, 55.63, 467004.8]
[1671580800000, 55.63, 56.41, 54.6, 55.97, 445723.8]
[1671667200000, 55.97, 56.11, 53.55, 55.62, 466745.8]
[1671753600000, 55.62, 56.14, 54.21, 54.54, 289263.1]
[1671840000000, 54.53, 54.73, 54.04, 54.34, 157692.7]
[1671926400000, 54.35, 55.46, 53.7, 54.35, 440612.2]
[1672012800000, 54.36, 56.05, 54.13, 55.91, 334316.2]
[1672099200000, 55.91, 58.19, 55.4, 57.43, 646008.2]
[1672185600000, 57.43, 57.81, 53.15, 53.71, 775344.8]
[1672272000000, 53.71, 54.95, 53.47, 54.41, 484424.6]
[1672358400000, 54.41, 54.72, 51.44, 52.39, 715469.8]
[1672444800000, 52.39, 53.38, 51.64, 51.93, 412238.3]
[1672531200000, 51.92, 52.41, 51.05, 52.09, 307265.3]
[1672617600000, 52.1, 54.1, 51.25, 52.93, 535052.2]
[1672704000000, 52.93, 53.51, 52.02, 53.02, 403312.0]
[1672790400000, 53.02, 57.64, 52.59, 56.73, 1093355.5]
[1672876800000, 56.74, 56.94, 54.83, 55.42, 551165.0]
[1672963200000, 55.42, 56.8, 53.97, 56.39, 609927.4]
[1673049600000, 56.4, 56.89, 55.7, 56.03, 369805.0]
[1673136000000, 56.01, 59.7, 55.27, 59.32, 1041152.1]
[1673222400000, 59.32, 63.12, 59.03, 61.13, 1058679.8]
[1673308800000, 61.15, 62.89, 59.56, 61.86, 706112.0]
[1673395200000, 61.86, 64.69, 59.9, 64.16, 674054.9]
[1673481600000, 64.16, 68.62, 63.43, 67.77, 1902602.7]
[1673568000000, 67.77, 73.6, 66.61, 71.15, 1065926.4]
[1673654400000, 71.14, 81.54, 71.12, 76.01, 1933964.7]
[1673740800000, 76.01, 83.15, 72.89, 79.31, 1755856.6]
[1673827200000, 79.3, 82.76, 76.07, 80.64, 1207773.8]
[1673913600000, 80.64, 91.35, 78.45, 85.7, 2436651.4]
[1674000000000, 85.71, 90.0, 76.89, 81.94, 2445917.4]
[1674086400000, 81.94, 83.78, 77.7, 81.26, 1147840.7]
[1674172800000, 81.25, 88.68, 79.73, 87.62, 1111691.3]
[1674259200000, 87.6, 89.29, 83.98, 84.5, 909930.1]
[1674345600000, 84.5, 90.33, 83.52, 85.41, 1036916.6]
[1674432000000, 85.38, 90.26, 84.5, 86.66, 941983.3]
[1674518400000, 86.67, 88.61, 78.72, 79.86, 1035210.5]
[1674604800000, 79.85, 87.51, 78.01, 85.69, 1065795.7]
[1674691200000, 85.71, 90.68, 85.06, 88.79, 1106820.4]
[1674777600000, 88.81, 89.73, 84.7, 87.36, 831012.5]
[1674864000000, 87.37, 88.32, 83.11, 84.21, 631267.0]
[1674950400000, 84.22, 88.67, 83.31, 87.7, 605248.4]
[1675036800000, 87.71, 88.39, 78.98, 81.13, 764282.7]
[1675123200000, 81.14, 83.6, 80.19, 82.95, 520369.1]
[1675209600000, 82.95, 88.58, 80.25, 88.42, 760353.6]
[1675296000000, 88.41, 93.46, 87.5, 88.33, 1164642.9]
[1675382400000, 88.32, 94.42, 87.24, 91.14, 1230310.5]
[1675468800000, 91.14, 92.08, 88.11, 88.96, 421817.2]
[1675555200000, 88.95, 89.19, 83.13, 85.65, 543245.7]
[1675641600000, 85.65, 87.83, 83.26, 84.1, 511617.7]
[1675728000000, 84.1, 89.27, 83.79, 88.7, 538022.8]
[1675814400000, 88.7, 90.18, 84.5, 87.08, 594581.2]
[1675900800000, 87.08, 90.15, 75.83, 77.78, 1959599.4]
[1675987200000, 77.79, 80.41, 76.58, 78.58, 749880.0]
[1676073600000, 78.58, 79.47, 77.7, 79.31, 326674.2]
[1676160000000, 79.32, 80.47, 76.07, 77.29, 341791.5]
[1676246400000, 77.29, 84.0, 73.41, 82.38, 2537589.9]
[1676332800000, 82.38, 83.82, 78.5, 83.04, 1644716.1]
[1676419200000, 83.04, 89.59, 82.11, 89.47, 962674.6]
[1676505600000, 89.47, 90.68, 83.67, 84.0, 979474.0]
[1676592000000, 84.0, 88.4, 83.34, 86.41, 825158.4]
[1676678400000, 86.41, 91.48, 86.4, 91.06, 590879.5]
[1676764800000, 91.05, 95.51, 89.19, 90.15, 1032797.8]
