5m
2023-09-11 12:00:00
[1694337900000, 0.2497, 0.2498, 0.2495, 0.2495, 383897.0]
[1694338200000, 0.2496, 0.2498, 0.2495, 0.2497, 1230958.0]
[1694338500000, 0.2497, 0.2499, 0.2496, 0.2498, 721875.0]
[1694338800000, 0.2497, 0.2498, 0.2496, 0.2497, 310507.0]
[1694339100000, 0.2498, 0.25, 0.2497, 0.2499, 1014192.0]
[1694339400000, 0.25, 0.25, 0.2497, 0.2498, 384332.0]
[1694339700000, 0.2498, 0.2499, 0.2496, 0.2497, 887924.0]
[1694340000000, 0.2498, 0.2499, 0.2496, 0.2496, 1000815.0]
[1694340300000, 0.2497, 0.2498, 0.2496, 0.2498, 320977.0]
[1694340600000, 0.2498, 0.2498, 0.2497, 0.2498, 285807.0]
[1694340900000, 0.2497, 0.2498, 0.2497, 0.2497, 549472.0]
[1694341200000, 0.2497, 0.2498, 0.2495, 0.2496, 1336019.0]
[1694341500000, 0.2495, 0.2497, 0.2495, 0.2497, 532695.0]
[1694341800000, 0.2497, 0.2498, 0.2494, 0.2496, 1371154.0]
[1694342100000, 0.2496, 0.2496, 0.2495, 0.2496, 229606.0]
[1694342400000, 0.2496, 0.2497, 0.2495, 0.2496, 369096.0]
[1694342700000, 0.2496, 0.2497, 0.2495, 0.2496, 811975.0]
[1694343000000, 0.2495, 0.2496, 0.2493, 0.2495, 602705.0]
[1694343300000, 0.2494, 0.2495, 0.2493, 0.2494, 211432.0]
[1694343600000, 0.2493, 0.2496, 0.2492, 0.2496, 2455443.0]
[1694343900000, 0.2496, 0.2502, 0.2495, 0.2501, 2150746.0]
[1694344200000, 0.2502, 0.2502, 0.2499, 0.25, 566639.0]
[1694344500000, 0.25, 0.25, 0.2498, 0.25, 461537.0]
[1694344800000, 0.25, 0.25, 0.2497, 0.2499, 1656014.0]
[1694345100000, 0.2499, 0.25, 0.2498, 0.2498, 398565.0]
[1694345400000, 0.2499, 0.2506, 0.2498, 0.2503, 1812376.0]
[1694345700000, 0.2503, 0.2508, 0.2503, 0.2506, 2667638.0]
[1694346000000, 0.2506, 0.2508, 0.2506, 0.2507, 464632.0]
[1694346300000, 0.2508, 0.2508, 0.2505, 0.2506, 713150.0]
[1694346600000, 0.2506, 0.2507, 0.2503, 0.2504, 1535763.0]
[1694346900000, 0.2503, 0.2504, 0.25, 0.25, 954356.0]
[1694347200000, 0.25, 0.2502, 0.2499, 0.2502, 1948782.0]
[1694347500000, 0.2502, 0.2502, 0.2501, 0.2501, 267706.0]
[1694347800000, 0.2501, 0.2505, 0.2501, 0.2504, 1255285.0]
[1694348100000, 0.2505, 0.2505, 0.2502, 0.2502, 418666.0]
[1694348400000, 0.2502, 0.2504, 0.25, 0.2502, 3781889.0]
[1694348700000, 0.2502, 0.2507, 0.2502, 0.2507, 1172952.0]
[1694349000000, 0.2507, 0.2508, 0.2502, 0.2504, 2102624.0]
[1694349300000, 0.2504, 0.2504, 0.2502, 0.2502, 490156.0]
[1694349600000, 0.2502, 0.2504, 0.2502, 0.2503, 624472.0]
[1694349900000, 0.2503, 0.2503, 0.2501, 0.2502, 306966.0]
[1694350200000, 0.2502, 0.2506, 0.2502, 0.2505, 270208.0]
[1694350500000, 0.2505, 0.2505, 0.2503, 0.2504, 338067.0]
[1694350800000, 0.2504, 0.2506, 0.2504, 0.2505, 698078.0]
[1694351100000, 0.2505, 0.2506, 0.2504, 0.2504, 270352.0]
[1694351400000, 0.2504, 0.2505, 0.2502, 0.2502, 532823.0]
[1694351700000, 0.2502, 0.2503, 0.2497, 0.2498, 1234122.0]
[1694352000000, 0.2498, 0.2499, 0.2496, 0.2498, 894909.0]
[1694352300000, 0.2498, 0.25, 0.2497, 0.2499, 501308.0]
[1694352600000, 0.2499, 0.25, 0.2496, 0.2497, 462836.0]
[1694352900000, 0.2497, 0.2501, 0.2496, 0.2499, 1070468.0]
[1694353200000, 0.2499, 0.25, 0.2499, 0.2499, 185977.0]
[1694353500000, 0.2499, 0.2503, 0.2499, 0.2502, 1074836.0]
[1694353800000, 0.2502, 0.2504, 0.2501, 0.2502, 1178896.0]
[1694354100000, 0.2502, 0.2504, 0.25, 0.2501, 427074.0]
[1694354400000, 0.2501, 0.2503, 0.2499, 0.2499, 777728.0]
[1694354700000, 0.2499, 0.2501, 0.2499, 0.25, 333783.0]
[1694355000000, 0.2501, 0.2502, 0.2499, 0.25, 306458.0]
[1694355300000, 0.2501, 0.2501, 0.2497, 0.2498, 940633.0]
[1694355600000, 0.2497, 0.2498, 0.2495, 0.2498, 1122873.0]
[1694355900000, 0.2498, 0.2498, 0.2492, 0.2493, 1005461.0]
[1694356200000, 0.2493, 0.2496, 0.2492, 0.2494, 2067631.0]
[1694356500000, 0.2494, 0.2494, 0.2485, 0.2491, 3476008.0]
[1694356800000, 0.2491, 0.2493, 0.2488, 0.2489, 917041.0]
[1694357100000, 0.2489, 0.2491, 0.2484, 0.2491, 2420379.0]
[1694357400000, 0.249, 0.2491, 0.2485, 0.2485, 765351.0]
[1694357700000, 0.2485, 0.2485, 0.2477, 0.2482, 2660197.0]
[1694358000000, 0.2482, 0.2482, 0.2459, 0.2469, 17305351.0]
[1694358300000, 0.2468, 0.2478, 0.2468, 0.2472, 4434933.0]
[1694358600000, 0.2472, 0.2475, 0.247, 0.2474, 1983393.0]
[1694358900000, 0.2474, 0.2481, 0.2472, 0.2479, 1544170.0]
[1694359200000, 0.248, 0.2481, 0.2474, 0.2477, 2632888.0]
[1694359500000, 0.2477, 0.2477, 0.2473, 0.2473, 1154567.0]
[1694359800000, 0.2473, 0.2484, 0.2472, 0.2482, 2206671.0]
[1694360100000, 0.2482, 0.2483, 0.2478, 0.2479, 1270599.0]
[1694360400000, 0.2479, 0.2483, 0.2479, 0.2482, 1006455.0]
[1694360700000, 0.2483, 0.2483, 0.2477, 0.2478, 1118738.0]
[1694361000000, 0.2478, 0.248, 0.2475, 0.2477, 1193023.0]
[1694361300000, 0.2477, 0.2479, 0.2476, 0.2477, 642210.0]
[1694361600000, 0.2478, 0.2478, 0.2472, 0.2473, 1750621.0]
[1694361900000, 0.2473, 0.2475, 0.2468, 0.2471, 1638587.0]
[1694362200000, 0.247, 0.2472, 0.2468, 0.2469, 825592.0]
[1694362500000, 0.2469, 0.2473, 0.2467, 0.2468, 1995359.0]
[1694362800000, 0.2468, 0.2468, 0.2463, 0.2463, 2197309.0]
[1694363100000, 0.2463, 0.2465, 0.2456, 0.2462, 3779031.0]
[1694363400000, 0.2462, 0.2462, 0.2456, 0.2461, 2764673.0]
[1694363700000, 0.246, 0.2463, 0.2457, 0.2459, 1753765.0]
[1694364000000, 0.2459, 0.2461, 0.2454, 0.2457, 2431218.0]
[1694364300000, 0.2457, 0.246, 0.2437, 0.2447, 8004746.0]
[1694364600000, 0.2447, 0.246, 0.2441, 0.2459, 7632933.0]
[1694364900000, 0.2458, 0.2468, 0.2458, 0.2466, 3027258.0]
[1694365200000, 0.2466, 0.2468, 0.2464, 0.2466, 1551107.0]
[1694365500000, 0.2465, 0.2466, 0.2453, 0.2457, 3087230.0]
[1694365800000, 0.2456, 0.2464, 0.2454, 0.2463, 1892931.0]
[1694366100000, 0.2464, 0.2469, 0.246, 0.246, 2615184.0]
[1694366400000, 0.246, 0.2463, 0.2458, 0.2461, 1361721.0]
[1694366700000, 0.2461, 0.2465, 0.2459, 0.2465, 1417199.0]
[1694367000000, 0.2464, 0.2469, 0.2463, 0.2463, 1871630.0]
[1694367300000, 0.2464, 0.2466, 0.2461, 0.2465, 660347.0]
[1694367600000, 0.2465, 0.2468, 0.2462, 0.2466, 1900356.0]
[1694367900000, 0.2465, 0.247, 0.2464, 0.2465, 2263611.0]
[1694368200000, 0.2465, 0.2466, 0.2458, 0.246, 865894.0]
[1694368500000, 0.246, 0.2463, 0.2458, 0.2463, 539040.0]
[1694368800000, 0.2462, 0.2467, 0.2462, 0.2466, 1265267.0]
[1694369100000, 0.2467, 0.2472, 0.2467, 0.2471, 1627945.0]
[1694369400000, 0.2471, 0.2472, 0.2468, 0.2469, 822460.0]
[1694369700000, 0.2468, 0.2474, 0.2468, 0.2472, 1570672.0]
[1694370000000, 0.2472, 0.2476, 0.2472, 0.2475, 897278.0]
[1694370300000, 0.2476, 0.2477, 0.2475, 0.2475, 499332.0]
[1694370600000, 0.2476, 0.2476, 0.2473, 0.2474, 730321.0]
[1694370900000, 0.2474, 0.2474, 0.2471, 0.2472, 596755.0]
[1694371200000, 0.2472, 0.2474, 0.2469, 0.2471, 893988.0]
[1694371500000, 0.247, 0.2472, 0.2469, 0.247, 608892.0]
[1694371800000, 0.247, 0.2471, 0.2469, 0.2471, 449438.0]
[1694372100000, 0.2471, 0.2471, 0.2469, 0.2469, 327914.0]
[1694372400000, 0.2469, 0.2472, 0.2468, 0.2472, 530100.0]
[1694372700000, 0.2472, 0.2472, 0.247, 0.2471, 630590.0]
[1694373000000, 0.2472, 0.2473, 0.247, 0.2472, 908804.0]
[1694373300000, 0.2472, 0.2472, 0.2468, 0.2471, 1049562.0]
[1694373600000, 0.2471, 0.2472, 0.247, 0.2472, 133555.0]
[1694373900000, 0.2472, 0.2472, 0.2465, 0.2467, 2207160.0]
[1694374200000, 0.2467, 0.2469, 0.2465, 0.2468, 713384.0]
[1694374500000, 0.2467, 0.2468, 0.2464, 0.2464, 1052220.0]
[1694374800000, 0.2464, 0.2472, 0.2453, 0.2472, 7155727.0]
[1694375100000, 0.2472, 0.2478, 0.2471, 0.2475, 2131811.0]
[1694375400000, 0.2475, 0.2476, 0.247, 0.2471, 732386.0]
[1694375700000, 0.2472, 0.2489, 0.2471, 0.248, 4865440.0]
[1694376000000, 0.2479, 0.248, 0.2475, 0.2476, 1775634.0]
[1694376300000, 0.2476, 0.2489, 0.2476, 0.2482, 3882074.0]
[1694376600000, 0.2483, 0.2493, 0.2481, 0.2489, 7581987.0]
[1694376900000, 0.2488, 0.2495, 0.2482, 0.2492, 9354925.0]
[1694377200000, 0.2491, 0.2494, 0.2487, 0.249, 5067109.0]
[1694377500000, 0.2491, 0.2492, 0.2486, 0.2489, 3994916.0]
[1694377800000, 0.2489, 0.2492, 0.2487, 0.2491, 2608208.0]
[1694378100000, 0.2491, 0.2492, 0.2483, 0.2488, 5379458.0]
[1694378400000, 0.2488, 0.2488, 0.2481, 0.2484, 3009809.0]
[1694378700000, 0.2483, 0.2485, 0.248, 0.2482, 984975.0]
[1694379000000, 0.2481, 0.2483, 0.248, 0.2482, 725123.0]
[1694379300000, 0.2482, 0.2486, 0.2481, 0.2484, 634863.0]
[1694379600000, 0.2484, 0.2486, 0.2483, 0.2483, 604381.0]
[1694379900000, 0.2483, 0.2484, 0.2481, 0.2482, 448502.0]
[1694380200000, 0.2481, 0.249, 0.2481, 0.249, 2223189.0]
[1694380500000, 0.249, 0.2491, 0.2487, 0.249, 1518418.0]
[1694380800000, 0.2489, 0.2493, 0.2489, 0.2489, 867304.0]
[1694381100000, 0.249, 0.2491, 0.2488, 0.249, 1310284.0]
[1694381400000, 0.2489, 0.2491, 0.2488, 0.2488, 264450.0]
[1694381700000, 0.2488, 0.249, 0.2488, 0.2488, 401122.0]
[1694382000000, 0.2488, 0.2491, 0.2487, 0.2491, 1260272.0]
[1694382300000, 0.249, 0.2492, 0.2488, 0.2488, 314142.0]
[1694382600000, 0.2488, 0.2489, 0.2488, 0.2489, 121198.0]
[1694382900000, 0.2489, 0.2491, 0.2488, 0.249, 498812.0]
[1694383200000, 0.2491, 0.2493, 0.2487, 0.249, 1239781.0]
[1694383500000, 0.2489, 0.249, 0.2488, 0.2488, 256182.0]
[1694383800000, 0.2489, 0.2492, 0.2488, 0.2491, 315613.0]
[1694384100000, 0.2491, 0.2496, 0.2491, 0.2491, 1407962.0]
[1694384400000, 0.2491, 0.2494, 0.249, 0.249, 831142.0]
[1694384700000, 0.249, 0.2494, 0.249, 0.2492, 354766.0]
[1694385000000, 0.2492, 0.2501, 0.2492, 0.2499, 1989916.0]
[1694385300000, 0.2499, 0.25, 0.2489, 0.249, 1461459.0]
[1694385600000, 0.2489, 0.2493, 0.2489, 0.2489, 722459.0]
[1694385900000, 0.249, 0.2491, 0.2487, 0.2489, 514019.0]
[1694386200000, 0.2489, 0.2489, 0.2486, 0.2488, 335907.0]
[1694386500000, 0.2488, 0.2488, 0.2486, 0.2487, 174983.0]
[1694386800000, 0.2487, 0.2489, 0.2486, 0.2488, 786154.0]
[1694387100000, 0.2488, 0.249, 0.2488, 0.2488, 901027.0]
[1694387400000, 0.2488, 0.2488, 0.2486, 0.2487, 325363.0]
[1694387700000, 0.2487, 0.2488, 0.2485, 0.2486, 777125.0]
[1694388000000, 0.2486, 0.2487, 0.2485, 0.2487, 586213.0]
[1694388300000, 0.2487, 0.2487, 0.2485, 0.2487, 699475.0]
[1694388600000, 0.2486, 0.2488, 0.2485, 0.2488, 865419.0]
[1694388900000, 0.2488, 0.249, 0.2487, 0.2489, 465232.0]
[1694389200000, 0.2489, 0.249, 0.2488, 0.2489, 228705.0]
[1694389500000, 0.2489, 0.2492, 0.2489, 0.249, 1182952.0]
[1694389800000, 0.249, 0.2491, 0.2488, 0.2488, 608596.0]
[1694390100000, 0.2489, 0.2489, 0.2488, 0.2488, 286126.0]
[1694390400000, 0.2488, 0.2491, 0.2487, 0.249, 1371732.0]
[1694390700000, 0.249, 0.2491, 0.2489, 0.2491, 442985.0]
[1694391000000, 0.249, 0.2494, 0.249, 0.2494, 1193572.0]
[1694391300000, 0.2494, 0.2495, 0.249, 0.2491, 856018.0]
[1694391600000, 0.2491, 0.2493, 0.2485, 0.2487, 1300930.0]
[1694391900000, 0.2486, 0.2488, 0.2483, 0.2485, 1123677.0]
[1694392200000, 0.2485, 0.249, 0.2484, 0.2486, 1103705.0]
[1694392500000, 0.2486, 0.2486, 0.2471, 0.2475, 5240933.0]
[1694392800000, 0.2475, 0.2479, 0.2468, 0.2472, 3245060.0]
[1694393100000, 0.2472, 0.2472, 0.2461, 0.2472, 3888380.0]
[1694393400000, 0.2472, 0.248, 0.2471, 0.2479, 1736178.0]
[1694393700000, 0.2478, 0.2479, 0.2466, 0.247, 1617239.0]
[1694394000000, 0.2471, 0.2477, 0.2469, 0.2477, 2283113.0]
[1694394300000, 0.2477, 0.2477, 0.2468, 0.2468, 1151738.0]
[1694394600000, 0.2469, 0.2474, 0.2467, 0.2469, 1782982.0]
[1694394900000, 0.2469, 0.2475, 0.2469, 0.2473, 951049.0]
[1694395200000, 0.2473, 0.2474, 0.2468, 0.2471, 989204.0]
[1694395500000, 0.2471, 0.2475, 0.247, 0.2472, 803344.0]
[1694395800000, 0.2473, 0.2473, 0.2468, 0.2468, 953317.0]
[1694396100000, 0.2467, 0.2468, 0.2461, 0.2463, 1872177.0]
[1694396400000, 0.2464, 0.2467, 0.2462, 0.2467, 1223845.0]
[1694396700000, 0.2467, 0.2476, 0.2465, 0.2475, 1858428.0]
[1694397000000, 0.2475, 0.2475, 0.2471, 0.2473, 1115983.0]
[1694397300000, 0.2473, 0.2476, 0.2472, 0.2474, 687367.0]
[1694397600000, 0.2474, 0.2476, 0.2469, 0.247, 1976196.0]
[1694397900000, 0.247, 0.2475, 0.2469, 0.2473, 739315.0]
[1694398200000, 0.2474, 0.2475, 0.2471, 0.2472, 317200.0]
[1694398500000, 0.2471, 0.2474, 0.2471, 0.2472, 964099.0]
[1694398800000, 0.2473, 0.2478, 0.2469, 0.2475, 21448365.0]
[1694399100000, 0.2474, 0.2478, 0.2474, 0.2477, 724333.0]
[1694399400000, 0.2478, 0.2478, 0.2475, 0.2475, 656337.0]
[1694399700000, 0.2475, 0.2483, 0.2475, 0.2481, 1067087.0]
[1694400000000, 0.2482, 0.2483, 0.248, 0.248, 513346.0]
[1694400300000, 0.248, 0.2482, 0.2478, 0.2479, 1135426.0]
[1694400600000, 0.2479, 0.2482, 0.2479, 0.2481, 424168.0]
[1694400900000, 0.2481, 0.2482, 0.2477, 0.2478, 374513.0]
[1694401200000, 0.2477, 0.248, 0.2477, 0.2479, 953735.0]
[1694401500000, 0.248, 0.2484, 0.2479, 0.2482, 593699.0]
[1694401800000, 0.2482, 0.2484, 0.2481, 0.2481, 195635.0]
[1694402100000, 0.2482, 0.2486, 0.248, 0.248, 887085.0]
[1694402400000, 0.248, 0.2482, 0.2479, 0.2481, 302266.0]
[1694402700000, 0.248, 0.2481, 0.2478, 0.2478, 400938.0]
[1694403000000, 0.2479, 0.2483, 0.2477, 0.2481, 593289.0]
[1694403300000, 0.2482, 0.2483, 0.248, 0.2481, 317223.0]
[1694403600000, 0.2481, 0.2482, 0.2481, 0.2481, 211194.0]
[1694403900000, 0.2481, 0.2482, 0.2478, 0.248, 857905.0]
[1694404200000, 0.248, 0.248, 0.2476, 0.2477, 568652.0]
[1694404500000, 0.2477, 0.2478, 0.2476, 0.2478, 119694.0]
[1694404800000, 0.2478, 0.248, 0.2474, 0.2476, 2042543.0]
[1694405100000, 0.2476, 0.2476, 0.2473, 0.2475, 608486.0]
[1694405400000, 0.2475, 0.2476, 0.2471, 0.2472, 1726701.0]
[1694405700000, 0.2471, 0.2472, 0.2468, 0.2471, 1006922.0]
[1694406000000, 0.2471, 0.2473, 0.2468, 0.2472, 1224297.0]
[1694406300000, 0.2473, 0.2474, 0.2472, 0.2473, 249330.0]
[1694406600000, 0.2473, 0.2474, 0.247, 0.2472, 1174925.0]
[1694406900000, 0.2472, 0.2474, 0.2472, 0.2473, 240035.0]
[1694407200000, 0.2473, 0.2474, 0.247, 0.2472, 1093253.0]
[1694407500000, 0.2472, 0.2473, 0.2469, 0.2472, 1138749.0]
[1694407800000, 0.2472, 0.2475, 0.2472, 0.2472, 501782.0]
[1694408100000, 0.2473, 0.2474, 0.2472, 0.2473, 221703.0]
[1694408400000, 0.2473, 0.2474, 0.2471, 0.2474, 920890.0]
[1694408700000, 0.2473, 0.2474, 0.2472, 0.2472, 362693.0]
[1694409000000, 0.2473, 0.2473, 0.2472, 0.2472, 170228.0]
[1694409300000, 0.2472, 0.2472, 0.247, 0.2471, 763530.0]
[1694409600000, 0.2471, 0.2473, 0.247, 0.2472, 510676.0]
[1694409900000, 0.2472, 0.2473, 0.2471, 0.2471, 372093.0]
[1694410200000, 0.2471, 0.2473, 0.247, 0.2472, 961269.0]
[1694410500000, 0.2472, 0.2481, 0.2472, 0.2479, 2412236.0]
[1694410800000, 0.2479, 0.2481, 0.2478, 0.2479, 501979.0]
[1694411100000, 0.2479, 0.248, 0.2477, 0.2477, 499354.0]
[1694411400000, 0.2477, 0.248, 0.2477, 0.2478, 324777.0]
[1694411700000, 0.2478, 0.2484, 0.2478, 0.2483, 1187652.0]
[1694412000000, 0.2483, 0.2485, 0.248, 0.248, 1089337.0]
[1694412300000, 0.248, 0.2485, 0.2479, 0.248, 2944365.0]
[1694412600000, 0.248, 0.2482, 0.248, 0.2481, 322554.0]
[1694412900000, 0.2481, 0.2483, 0.2478, 0.2479, 783610.0]
[1694413200000, 0.2479, 0.248, 0.2477, 0.2479, 465553.0]
[1694413500000, 0.2479, 0.2479, 0.2478, 0.2479, 263290.0]
[1694413800000, 0.2478, 0.248, 0.2476, 0.248, 786459.0]
[1694414100000, 0.2479, 0.2481, 0.2476, 0.2476, 586187.0]
[1694414400000, 0.2476, 0.2478, 0.2475, 0.2478, 550487.0]
[1694414700000, 0.2478, 0.2478, 0.2477, 0.2478, 246068.0]
[1694415000000, 0.2478, 0.2478, 0.2473, 0.2474, 1493808.0]
[1694415300000, 0.2475, 0.2476, 0.2474, 0.2475, 345123.0]
[1694415600000, 0.2476, 0.2477, 0.2474, 0.2476, 863948.0]
[1694415900000, 0.2476, 0.2477, 0.2474, 0.2474, 606477.0]
[1694416200000, 0.2475, 0.2475, 0.2471, 0.2473, 1037025.0]
[1694416500000, 0.2473, 0.2473, 0.2459, 0.2466, 4010553.0]
[1694416800000, 0.2466, 0.2466, 0.2461, 0.2466, 3051984.0]
[1694417100000, 0.2466, 0.2467, 0.2463, 0.2464, 794250.0]
[1694417400000, 0.2463, 0.2467, 0.246, 0.2466, 1809138.0]
[1694417700000, 0.2467, 0.2468, 0.2465, 0.2466, 985947.0]
[1694418000000, 0.2467, 0.2467, 0.2464, 0.2466, 1068274.0]
[1694418300000, 0.2465, 0.247, 0.2465, 0.2468, 708884.0]
[1694418600000, 0.2468, 0.247, 0.2467, 0.2468, 531141.0]
[1694418900000, 0.2468, 0.2468, 0.2464, 0.2464, 675522.0]
[1694419200000, 0.2464, 0.2465, 0.2461, 0.2462, 1689010.0]
[1694419500000, 0.2461, 0.2463, 0.2454, 0.2455, 2775021.0]
[1694419800000, 0.2455, 0.2456, 0.245, 0.245, 3099771.0]
[1694420100000, 0.245, 0.2454, 0.2445, 0.2452, 5121885.0]
[1694420400000, 0.2451, 0.2455, 0.2449, 0.245, 2918100.0]
[1694420700000, 0.2451, 0.2452, 0.2442, 0.2445, 3465921.0]
[1694421000000, 0.2445, 0.2448, 0.2438, 0.2446, 3768592.0]
[1694421300000, 0.2446, 0.2453, 0.2445, 0.2449, 1717817.0]
[1694421600000, 0.2449, 0.2452, 0.2447, 0.2449, 1728865.0]
[1694421900000, 0.2449, 0.2451, 0.2447, 0.2448, 1106704.0]
[1694422200000, 0.2448, 0.2453, 0.2448, 0.2451, 1404933.0]
[1694422500000, 0.2452, 0.2452, 0.2449, 0.2449, 835702.0]
[1694422800000, 0.2449, 0.2454, 0.2448, 0.2453, 976928.0]
[1694423100000, 0.2453, 0.2455, 0.2452, 0.2455, 815098.0]
[1694423400000, 0.2455, 0.2459, 0.2454, 0.2455, 1744632.0]
[1694423700000, 0.2456, 0.2458, 0.2454, 0.2455, 1212553.0]
[1694424000000, 0.2455, 0.2456, 0.2421, 0.2425, 14406503.0]
[1694424300000, 0.2425, 0.2441, 0.242, 0.2435, 13441504.0]
[1694424600000, 0.2434, 0.2443, 0.243, 0.2437, 3958694.0]
[1694424900000, 0.2437, 0.2445, 0.2437, 0.2437, 2696058.0]
[1694425200000, 0.2437, 0.2438, 0.2433, 0.2435, 1761916.0]
[1694425500000, 0.2435, 0.2441, 0.2435, 0.244, 1222449.0]
[1694425800000, 0.244, 0.244, 0.2433, 0.2433, 1696104.0]
[1694426100000, 0.2433, 0.2436, 0.2431, 0.2433, 1919807.0]
[1694426400000, 0.2432, 0.2433, 0.2421, 0.2421, 5943969.0]
[1694426700000, 0.2421, 0.2428, 0.2416, 0.2428, 9207420.0]
[1694427000000, 0.2428, 0.2429, 0.2419, 0.2419, 1923053.0]
[1694427300000, 0.2418, 0.2427, 0.2417, 0.2419, 5369598.0]
[1694427600000, 0.2418, 0.242, 0.2376, 0.2414, 32721600.0]
[1694427900000, 0.2415, 0.2416, 0.2405, 0.2409, 7039968.0]
[1694428200000, 0.2408, 0.242, 0.2407, 0.2419, 4707462.0]
[1694428500000, 0.2418, 0.2427, 0.2417, 0.2426, 3907454.0]
[1694428800000, 0.2426, 0.243, 0.2425, 0.2425, 2804294.0]
[1694429100000, 0.2425, 0.2434, 0.2424, 0.2433, 2608315.0]
[1694429400000, 0.2432, 0.2433, 0.2425, 0.2425, 2271744.0]
[1694429700000, 0.2425, 0.2432, 0.2424, 0.2429, 1688283.0]
[1694430000000, 0.2429, 0.2431, 0.2426, 0.2427, 1863584.0]
[1694430300000, 0.2428, 0.2433, 0.2426, 0.2433, 1683054.0]
[1694430600000, 0.2432, 0.2438, 0.2432, 0.2436, 3556822.0]
[1694430900000, 0.2436, 0.2437, 0.2432, 0.2433, 1842597.0]
[1694431200000, 0.2433, 0.2438, 0.2432, 0.2435, 1710056.0]
[1694431500000, 0.2435, 0.2437, 0.243, 0.2432, 1322739.0]
[1694431800000, 0.2431, 0.2436, 0.243, 0.2434, 1456127.0]
[1694432100000, 0.2434, 0.2437, 0.2432, 0.2432, 1106133.0]
[1694432400000, 0.2432, 0.2436, 0.2432, 0.2434, 1456245.0]
[1694432700000, 0.2435, 0.2436, 0.2432, 0.2433, 1904369.0]
[1694433000000, 0.2433, 0.2434, 0.2425, 0.2428, 1929843.0]
[1694433300000, 0.2428, 0.2431, 0.2427, 0.2429, 855422.0]
[1694433600000, 0.243, 0.2434, 0.2428, 0.2432, 2927467.0]
[1694433900000, 0.2432, 0.2439, 0.2431, 0.2438, 1386665.0]
[1694434200000, 0.2439, 0.244, 0.2435, 0.2437, 2570641.0]
[1694434500000, 0.2437, 0.244, 0.2436, 0.2436, 1100247.0]
[1694434800000, 0.2436, 0.2438, 0.2434, 0.2437, 676147.0]
[1694435100000, 0.2438, 0.2441, 0.2435, 0.2437, 1459253.0]
[1694435400000, 0.2436, 0.2443, 0.2436, 0.2441, 1847959.0]
[1694435700000, 0.2441, 0.2444, 0.244, 0.2441, 888268.0]
[1694436000000, 0.2441, 0.2442, 0.2438, 0.2441, 620423.0]
[1694436300000, 0.244, 0.2442, 0.2439, 0.2441, 993176.0]
[1694436600000, 0.2442, 0.2448, 0.2441, 0.2446, 1820344.0]
[1694436900000, 0.2447, 0.245, 0.2443, 0.2449, 1548488.0]
[1694437200000, 0.245, 0.2451, 0.2448, 0.2448, 1725479.0]
[1694437500000, 0.2449, 0.2449, 0.2445, 0.2445, 1250797.0]
[1694437800000, 0.2445, 0.2446, 0.2445, 0.2445, 192824.0]
[1694438100000, 0.2445, 0.2449, 0.2445, 0.2448, 1526206.0]
[1694438400000, 0.2448, 0.2453, 0.2447, 0.2452, 1398262.0]
[1694438700000, 0.2451, 0.2452, 0.2448, 0.245, 677370.0]
[1694439000000, 0.2451, 0.2458, 0.245, 0.2457, 1922556.0]
[1694439300000, 0.2458, 0.2458, 0.2446, 0.2446, 1998315.0]
[1694439600000, 0.2446, 0.2451, 0.2445, 0.245, 1308462.0]
[1694439900000, 0.2449, 0.2451, 0.2442, 0.2445, 2163573.0]
[1694440200000, 0.2444, 0.2446, 0.2443, 0.2443, 961578.0]
[1694440500000, 0.2443, 0.2444, 0.2439, 0.244, 1292068.0]
[1694440800000, 0.244, 0.2444, 0.2439, 0.2441, 2337067.0]
[1694441100000, 0.2442, 0.2442, 0.2422, 0.2435, 15891204.0]
[1694441400000, 0.2436, 0.2438, 0.2413, 0.2431, 14787988.0]
[1694441700000, 0.243, 0.2445, 0.243, 0.2438, 5808815.0]
[1694442000000, 0.2439, 0.2443, 0.2436, 0.2439, 3363729.0]
[1694442300000, 0.2439, 0.2442, 0.2432, 0.2441, 3987979.0]
[1694442600000, 0.2441, 0.2449, 0.2435, 0.2435, 4129731.0]
[1694442900000, 0.2435, 0.2437, 0.2429, 0.2436, 3862365.0]
[1694443200000, 0.2436, 0.2439, 0.242, 0.2434, 9060446.0]
[1694443500000, 0.2434, 0.2436, 0.2412, 0.2417, 17974092.0]
[1694443800000, 0.2416, 0.2427, 0.2414, 0.2419, 8362387.0]
[1694444100000, 0.2419, 0.243, 0.2419, 0.2426, 4429999.0]
[1694444400000, 0.2426, 0.2429, 0.2421, 0.2428, 4774274.0]
[1694444700000, 0.2429, 0.2439, 0.2422, 0.2433, 4880043.0]
[1694445000000, 0.2433, 0.2434, 0.2421, 0.2422, 3453359.0]
[1694445300000, 0.2422, 0.2426, 0.2411, 0.242, 7401731.0]
[1694445600000, 0.242, 0.243, 0.2419, 0.2427, 2935639.0]
[1694445900000, 0.2427, 0.2428, 0.2423, 0.2423, 1723894.0]
[1694446200000, 0.2423, 0.2429, 0.2418, 0.2422, 3004967.0]
[1694446500000, 0.2422, 0.2423, 0.2419, 0.242, 1565973.0]
[1694446800000, 0.2421, 0.2427, 0.242, 0.2426, 1209921.0]
[1694447100000, 0.2426, 0.2427, 0.2419, 0.2422, 1479264.0]
[1694447400000, 0.2421, 0.2422, 0.2417, 0.2419, 927607.0]
[1694447700000, 0.2419, 0.2426, 0.2418, 0.2423, 2534855.0]
[1694448000000, 0.2424, 0.2429, 0.242, 0.2427, 3363562.0]
[1694448300000, 0.2427, 0.2428, 0.242, 0.2425, 1983598.0]
[1694448600000, 0.2425, 0.2431, 0.2419, 0.2422, 3072941.0]
[1694448900000, 0.2422, 0.2422, 0.2414, 0.2418, 3018519.0]
[1694449200000, 0.2418, 0.242, 0.2415, 0.2418, 1454163.0]
[1694449500000, 0.2418, 0.2423, 0.2416, 0.2421, 1482377.0]
[1694449800000, 0.2422, 0.2423, 0.2415, 0.2417, 1177360.0]
[1694450100000, 0.2417, 0.242, 0.2413, 0.2414, 1268387.0]
[1694450400000, 0.2414, 0.2415, 0.2409, 0.2412, 2092441.0]
[1694450700000, 0.2412, 0.2417, 0.2409, 0.2417, 1610458.0]
[1694451000000, 0.2417, 0.2417, 0.2411, 0.2413, 1057455.0]
[1694451300000, 0.2413, 0.2415, 0.2411, 0.2413, 727640.0]
[1694451600000, 0.2412, 0.2415, 0.2408, 0.241, 2224079.0]
[1694451900000, 0.241, 0.2411, 0.2405, 0.2408, 2201247.0]
[1694452200000, 0.2408, 0.2408, 0.2404, 0.2406, 1454405.0]
[1694452500000, 0.2406, 0.2406, 0.2397, 0.24, 4459368.0]
[1694452800000, 0.2401, 0.2407, 0.24, 0.2406, 1398013.0]
[1694453100000, 0.2407, 0.2411, 0.2406, 0.2409, 971625.0]
[1694453400000, 0.2409, 0.2412, 0.2408, 0.241, 1184449.0]
[1694453700000, 0.2411, 0.2415, 0.241, 0.2411, 1230933.0]
[1694454000000, 0.2412, 0.2414, 0.2411, 0.2412, 1117293.0]
[1694454300000, 0.2413, 0.2415, 0.2409, 0.2415, 2260219.0]
[1694454600000, 0.2414, 0.2419, 0.2413, 0.2418, 1728110.0]
[1694454900000, 0.2417, 0.2419, 0.2416, 0.2417, 1358462.0]
[1694455200000, 0.2417, 0.2418, 0.241, 0.2411, 2303640.0]
[1694455500000, 0.2411, 0.2411, 0.2408, 0.241, 1424634.0]
[1694455800000, 0.2409, 0.2412, 0.2408, 0.2409, 1511112.0]
[1694456100000, 0.241, 0.241, 0.2407, 0.241, 1931957.0]
[1694456400000, 0.241, 0.241, 0.2408, 0.241, 873510.0]
[1694456700000, 0.2411, 0.2413, 0.241, 0.2412, 673806.0]
[1694457000000, 0.2411, 0.2411, 0.2407, 0.241, 1063412.0]
[1694457300000, 0.241, 0.2412, 0.2409, 0.2411, 273901.0]
[1694457600000, 0.241, 0.241, 0.2408, 0.2409, 170833.0]
