1d
2022-02-01 00:00:00
[1635724800000, 61347.14, 62543.58, 59400.0, 60942.87, 246158.361]
[1635811200000, 60942.87, 64349.55, 60659.58, 63266.69, 217592.062]
[1635897600000, 63266.69, 63613.0, 60300.0, 62946.45, 211190.183]
[1635984000000, 62946.45, 63149.0, 60703.0, 61431.86, 184677.079]
[1636070400000, 61433.9, 62671.48, 60762.0, 61006.0, 157569.637]
[1636156800000, 61006.0, 61645.75, 60100.0, 61511.3, 154919.118]
[1636243200000, 61511.3, 63377.58, 61368.26, 63316.4, 142878.208]
[1636329600000, 63316.4, 67932.89, 63308.7, 67606.96, 274932.146]
[1636416000000, 67606.96, 68675.16, 66300.0, 67009.98, 231843.834]
[1636502400000, 67010.65, 69198.7, 62400.51, 64920.13, 347835.573]
[1636588800000, 64920.13, 65646.98, 64147.12, 64831.3, 178279.275]
[1636675200000, 64831.2, 65500.0, 62313.0, 64156.08, 264576.325]
[1636761600000, 64156.08, 65073.24, 63430.01, 64427.0, 124466.493]
[1636848000000, 64426.99, 65569.99, 63640.0, 65568.39, 146424.701]
[1636934400000, 65568.38, 66395.05, 63351.58, 63654.49, 210026.602]
[1637020800000, 63654.49, 63655.77, 58397.14, 60106.03, 475025.706]
[1637107200000, 60106.03, 60848.85, 58336.68, 60366.96, 287388.873]
[1637193600000, 60366.97, 60999.0, 56505.48, 56921.05, 412021.672]
[1637280000000, 56921.04, 58333.0, 55604.0, 58069.51, 245356.121]
[1637366400000, 58069.52, 59873.84, 57372.0, 59716.29, 173697.342]
[1637452800000, 59716.28, 60052.82, 58518.88, 58661.39, 143887.271]
[1637539200000, 58648.87, 59624.56, 55600.0, 56268.31, 326184.881]
[1637625600000, 56268.31, 57888.0, 55250.0, 57574.23, 267790.325]
[1637712000000, 57574.24, 57775.27, 55900.0, 57165.08, 194683.757]
[1637798400000, 57165.09, 59449.62, 57029.0, 58988.21, 191912.653]
[1637884800000, 58988.36, 59186.41, 53500.0, 53755.65, 378650.919]
[1637971200000, 53755.66, 55300.0, 53640.69, 54738.77, 155119.117]
[1638057600000, 54738.77, 57474.76, 53245.0, 57315.73, 213600.615]
[1638144000000, 57315.72, 58924.21, 56715.0, 57827.98, 215111.466]
[1638230400000, 57827.97, 59224.99, 55900.0, 56975.0, 337624.148]
[1638316800000, 56978.06, 59100.0, 56500.0, 57209.29, 273959.104]
[1638403200000, 57209.28, 57428.49, 55800.0, 56513.57, 249985.255]
[1638489600000, 56513.56, 57670.0, 50604.0, 53612.0, 374132.016]
[1638576000000, 53611.86, 53889.69, 40888.89, 49135.66, 598774.989]
[1638662400000, 49135.66, 49699.49, 47755.0, 49376.6, 286434.382]
[1638748800000, 49373.83, 50888.0, 47000.0, 50424.72, 357711.029]
[1638835200000, 50424.72, 51929.0, 50012.0, 50577.2, 224670.618]
[1638921600000, 50577.2, 51210.6, 48533.33, 50455.61, 238229.884]
[1639008000000, 50459.61, 50773.03, 47312.89, 47539.76, 273086.086]
[1639094400000, 47539.34, 50188.42, 46828.23, 47136.35, 302974.429]
[1639180800000, 47132.31, 49499.05, 46724.35, 49381.15, 210959.992]
[1639267200000, 49379.51, 50768.0, 48616.16, 50057.01, 183434.285]
[1639353600000, 50057.02, 50180.0, 45600.0, 46679.93, 348551.322]
[1639440000000, 46679.93, 48657.92, 46255.6, 48324.04, 266213.627]
[1639526400000, 48324.0, 49479.75, 46518.73, 48870.48, 345239.891]
[1639612800000, 48870.48, 49439.79, 47500.0, 47624.5, 215874.187]
[1639699200000, 47629.1, 47988.27, 45373.11, 46125.33, 326458.135]
[1639785600000, 46125.33, 47336.99, 45438.43, 46815.99, 191006.415]
[1639872000000, 46815.99, 48461.17, 46399.37, 46668.63, 241698.541]
[1639958400000, 46668.65, 47533.42, 45530.67, 46898.14, 273804.259]
[1640044800000, 46896.82, 49298.78, 46650.0, 48875.15, 260008.358]
[1640131200000, 48875.88, 49599.0, 48420.02, 48569.69, 208463.689]
[1640217600000, 48569.69, 51377.74, 48020.0, 50817.92, 255885.48]
[1640304000000, 50817.94, 51805.0, 50379.25, 50808.55, 220208.725]
[1640390400000, 50809.37, 51190.0, 50105.0, 50403.64, 147662.438]
[1640476800000, 50403.64, 51300.0, 49350.0, 50765.73, 184800.616]
[1640563200000, 50765.73, 52134.0, 50450.0, 50707.72, 216225.263]
[1640649600000, 50707.72, 50713.56, 47290.0, 47522.03, 336083.34]
[1640736000000, 47522.02, 48125.97, 46000.0, 46436.54, 274795.378]
[1640822400000, 46436.53, 47911.68, 45880.0, 47095.02, 229931.288]
[1640908800000, 47095.02, 48575.0, 45650.0, 46210.56, 287186.003]
[1640995200000, 46210.57, 47943.77, 46210.55, 47704.35, 179433.584]
[1641081600000, 47704.35, 48000.0, 46605.68, 47280.0, 184795.093]
[1641168000000, 47280.01, 47575.22, 45665.4, 46445.81, 244781.793]
[1641254400000, 46445.8, 47524.36, 45445.57, 45833.42, 292149.75]
[1641340800000, 45833.41, 47075.29, 42270.0, 43421.69, 485477.569]
[1641427200000, 43421.7, 43766.0, 42385.83, 43080.01, 299509.851]
[1641513600000, 43080.01, 43135.0, 40456.56, 41553.86, 473214.849]
[1641600000000, 41553.87, 42335.0, 40500.0, 41688.05, 283737.224]
[1641686400000, 41688.05, 42773.85, 41170.0, 41851.22, 223134.952]
[1641772800000, 41851.22, 42219.84, 39610.0, 41801.55, 453644.116]
[1641859200000, 41801.55, 43118.0, 41255.0, 42700.68, 323760.691]
[1641945600000, 42700.69, 44300.0, 42415.0, 43880.72, 281339.294]
[1642032000000, 43880.72, 44396.68, 42301.16, 42534.32, 289289.18]
[1642118400000, 42538.72, 43450.0, 41666.0, 43042.4, 272517.077]
[1642204800000, 43042.4, 43800.0, 42530.64, 43070.51, 184649.157]
[1642291200000, 43070.51, 43464.71, 42531.69, 43060.66, 177450.475]
[1642377600000, 43060.66, 43159.32, 41523.68, 42176.34, 232748.345]
[1642464000000, 42176.34, 42680.0, 41260.0, 42337.58, 267472.465]
[1642550400000, 42337.58, 42545.0, 41115.64, 41657.89, 333952.095]
[1642636800000, 41656.9, 43495.0, 40550.0, 40661.69, 399818.052]
[1642723200000, 40662.06, 41095.76, 35380.92, 36425.98, 790320.909]
[1642809600000, 36426.46, 36817.74, 33950.0, 35043.73, 676272.904]
[1642896000000, 35043.73, 36496.92, 34588.8, 36230.01, 369372.903]
[1642982400000, 36230.0, 37528.0, 32853.83, 36648.31, 823000.702]
[1643068800000, 36648.3, 37561.03, 35693.0, 36934.26, 409535.517]
[1643155200000, 36934.26, 38886.58, 36232.42, 36787.43, 554457.384]
[1643241600000, 36787.42, 37200.0, 35471.53, 37131.0, 422006.922]
[1643328000000, 37131.0, 38000.0, 36149.02, 37696.21, 367509.143]
[1643414400000, 37696.22, 38750.94, 37252.0, 38150.01, 238657.764]
[1643500800000, 38150.0, 38420.3, 37334.83, 37870.01, 195029.125]
[1643587200000, 37870.0, 38741.73, 36620.0, 38439.04, 318440.392]
[1643673600000, 38439.04, 39260.26, 37969.0, 38680.51, 353354.121]
[1643760000000, 38680.51, 38834.18, 36529.81, 36892.03, 337570.934]
[1643846400000, 36892.05, 37395.0, 36204.3, 37289.86, 318656.228]
[1643932800000, 37287.33, 41741.76, 37011.0, 41550.0, 520105.77]
[1644019200000, 41550.0, 41922.0, 40920.0, 41374.69, 242184.07]
[1644105600000, 41374.68, 42656.8, 41100.0, 42361.35, 215323.95]
[1644192000000, 42361.34, 44541.16, 41609.76, 43829.99, 418053.774]
[1644278400000, 43829.99, 45600.0, 42641.0, 44021.57, 468015.421]
[1644364800000, 44021.58, 44826.0, 43089.08, 44358.08, 300270.062]
[1644451200000, 44358.09, 45847.5, 43136.96, 43471.29, 563922.075]
[1644537600000, 43471.3, 43900.0, 41914.23, 42366.0, 414646.193]
[1644624000000, 42365.99, 42980.0, 41540.0, 42199.87, 256269.325]
[1644710400000, 42199.88, 42755.97, 41850.0, 42041.13, 192068.012]
[1644796800000, 42041.12, 42888.0, 41526.0, 42525.14, 303990.933]
[1644883200000, 42525.14, 44777.0, 42406.23, 44529.6, 276735.421]
[1644969600000, 44529.7, 44536.8, 43277.8, 43860.7, 255790.287]
[1645056000000, 43860.8, 44150.0, 40020.1, 40491.7, 433958.984]
[1645142400000, 40491.8, 40944.1, 39422.0, 39966.8, 377679.782]
[1645228800000, 39966.8, 40438.7, 39610.3, 40052.6, 185624.675]
[1645315200000, 40052.6, 40100.1, 37905.0, 38368.1, 329740.444]
[1645401600000, 38367.9, 39510.0, 36762.0, 36986.4, 646391.815]
[1645488000000, 36986.4, 38450.0, 36310.1, 38212.0, 465313.497]
[1645574400000, 38212.1, 39250.0, 36963.2, 37227.8, 408056.255]
[1645660800000, 37227.9, 40376.1, 34303.7, 38315.1, 919820.907]
[1645747200000, 38316.2, 39750.0, 37999.2, 39205.4, 416316.366]
[1645833600000, 39205.4, 40441.1, 38561.7, 39099.3, 251892.201]
[1645920000000, 39099.3, 39868.6, 36934.6, 37672.0, 423197.247]
[1646006400000, 37672.1, 44341.0, 37414.4, 43155.0, 615391.161]
[1646092800000, 43155.0, 44935.0, 42765.4, 44394.1, 448483.646]
[1646179200000, 44393.6, 45350.0, 43321.0, 43885.7, 407603.721]