1h
2023-08-31 09:00:00
[1692946800000, 0.06219, 0.06237, 0.06209, 0.06216, 66185193.0]
[1692950400000, 0.06216, 0.06238, 0.06211, 0.06219, 63580387.0]
[1692954000000, 0.0622, 0.06236, 0.06212, 0.06223, 99627283.0]
[1692957600000, 0.06223, 0.06235, 0.06214, 0.0622, 43231603.0]
[1692961200000, 0.0622, 0.0624, 0.0622, 0.0623, 44864889.0]
[1692964800000, 0.0623, 0.06246, 0.0622, 0.06227, 55782216.0]
[1692968400000, 0.06228, 0.06262, 0.0622, 0.06225, 206573206.0]
[1692972000000, 0.06226, 0.06285, 0.06174, 0.06188, 544880265.0]
[1692975600000, 0.06188, 0.06251, 0.06173, 0.06228, 237853469.0]
[1692979200000, 0.06228, 0.06246, 0.06205, 0.0622, 114592336.0]
[1692982800000, 0.06221, 0.06238, 0.06215, 0.06235, 90861343.0]
[1692986400000, 0.06235, 0.06299, 0.0623, 0.06281, 111119688.0]
[1692990000000, 0.06281, 0.06285, 0.06236, 0.06263, 144038058.0]
[1692993600000, 0.06263, 0.06282, 0.06257, 0.06277, 69553573.0]
[1692997200000, 0.06277, 0.06311, 0.06269, 0.06307, 53527370.0]
[1693000800000, 0.06307, 0.06307, 0.0628, 0.06306, 82154400.0]
[1693004400000, 0.06305, 0.06313, 0.0629, 0.06308, 65301827.0]
[1693008000000, 0.06308, 0.06311, 0.06285, 0.06296, 73698560.0]
[1693011600000, 0.06297, 0.06305, 0.0629, 0.06295, 41303984.0]
[1693015200000, 0.06295, 0.06314, 0.06293, 0.0631, 38247407.0]
[1693018800000, 0.0631, 0.06337, 0.06303, 0.06318, 106179247.0]
[1693022400000, 0.06317, 0.06322, 0.06309, 0.06321, 30663089.0]
[1693026000000, 0.06322, 0.06325, 0.06301, 0.06308, 45654499.0]
[1693029600000, 0.06307, 0.06332, 0.063, 0.06331, 49463902.0]
[1693033200000, 0.06331, 0.06335, 0.06308, 0.06318, 63162710.0]
[1693036800000, 0.06318, 0.06318, 0.06288, 0.06307, 104729090.0]
[1693040400000, 0.06307, 0.06308, 0.06276, 0.06284, 67442539.0]
[1693044000000, 0.06285, 0.06296, 0.0628, 0.06293, 45641143.0]
[1693047600000, 0.06293, 0.06297, 0.06281, 0.06287, 35720304.0]
[1693051200000, 0.06286, 0.06287, 0.06267, 0.0628, 62038425.0]
[1693054800000, 0.06279, 0.06285, 0.06276, 0.06284, 28312820.0]
[1693058400000, 0.06284, 0.063, 0.06274, 0.06297, 47154038.0]
[1693062000000, 0.06298, 0.06299, 0.06289, 0.06296, 32515042.0]
[1693065600000, 0.06295, 0.06296, 0.06261, 0.06268, 58487156.0]
[1693069200000, 0.06268, 0.06279, 0.06255, 0.06276, 54197066.0]
[1693072800000, 0.06275, 0.06285, 0.06268, 0.06283, 44453157.0]
[1693076400000, 0.06282, 0.06289, 0.06272, 0.06287, 25659343.0]
[1693080000000, 0.06288, 0.06292, 0.0627, 0.06277, 35467173.0]
[1693083600000, 0.06277, 0.06295, 0.06276, 0.06292, 25939070.0]
[1693087200000, 0.06292, 0.063, 0.06283, 0.06287, 40656147.0]
[1693090800000, 0.06288, 0.0629, 0.06275, 0.06284, 39837721.0]
[1693094400000, 0.06284, 0.06292, 0.06267, 0.0627, 42476571.0]
[1693098000000, 0.0627, 0.06288, 0.06265, 0.06287, 50981491.0]
[1693101600000, 0.06287, 0.0629, 0.06271, 0.06274, 27350156.0]
[1693105200000, 0.06274, 0.06286, 0.06272, 0.06279, 20952825.0]
[1693108800000, 0.06279, 0.06298, 0.06279, 0.06295, 23972740.0]
[1693112400000, 0.06295, 0.06317, 0.06295, 0.06305, 65607429.0]
[1693116000000, 0.06305, 0.06312, 0.06298, 0.06309, 35129277.0]
[1693119600000, 0.06308, 0.06376, 0.06306, 0.06327, 322731619.0]
[1693123200000, 0.06326, 0.06349, 0.06319, 0.06335, 99687128.0]
[1693126800000, 0.06335, 0.06342, 0.06319, 0.06336, 80581117.0]
[1693130400000, 0.06336, 0.06342, 0.06322, 0.06323, 43368672.0]
[1693134000000, 0.06322, 0.06327, 0.06297, 0.06311, 93537417.0]
[1693137600000, 0.06311, 0.06316, 0.06301, 0.06311, 37592054.0]
[1693141200000, 0.06311, 0.06321, 0.06307, 0.06315, 50520757.0]
[1693144800000, 0.06315, 0.06346, 0.06313, 0.06342, 117775992.0]
[1693148400000, 0.06342, 0.06347, 0.06314, 0.06319, 61296244.0]
[1693152000000, 0.06319, 0.06329, 0.06312, 0.06329, 67716068.0]
[1693155600000, 0.06329, 0.06331, 0.06274, 0.06285, 117676444.0]
[1693159200000, 0.06285, 0.06311, 0.06269, 0.06307, 91108337.0]
[1693162800000, 0.06307, 0.06317, 0.06299, 0.06301, 41890152.0]
[1693166400000, 0.06301, 0.06303, 0.06287, 0.06295, 39258058.0]
[1693170000000, 0.06296, 0.06307, 0.06285, 0.06292, 42702520.0]
[1693173600000, 0.06292, 0.0632, 0.06286, 0.06316, 75120877.0]
[1693177200000, 0.06316, 0.06321, 0.06305, 0.06313, 44454546.0]
[1693180800000, 0.06313, 0.06314, 0.06236, 0.06265, 197980535.0]
[1693184400000, 0.06264, 0.06272, 0.06223, 0.06256, 206070908.0]
[1693188000000, 0.06256, 0.06266, 0.06239, 0.0625, 58016588.0]
[1693191600000, 0.06249, 0.06254, 0.0624, 0.06247, 81829272.0]
[1693195200000, 0.06248, 0.06262, 0.06241, 0.06249, 127799973.0]
[1693198800000, 0.06249, 0.06255, 0.06182, 0.06239, 240170083.0]
[1693202400000, 0.06238, 0.06255, 0.06227, 0.06251, 71365436.0]
[1693206000000, 0.06251, 0.06251, 0.0622, 0.06236, 94025781.0]
[1693209600000, 0.06237, 0.06239, 0.06216, 0.06237, 71202117.0]
[1693213200000, 0.06236, 0.06238, 0.06189, 0.06224, 121963958.0]
[1693216800000, 0.06225, 0.06243, 0.0622, 0.06239, 47855756.0]
[1693220400000, 0.0624, 0.06243, 0.06229, 0.06241, 39310844.0]
[1693224000000, 0.06242, 0.0631, 0.06239, 0.06284, 267487815.0]
[1693227600000, 0.06284, 0.06285, 0.06258, 0.06268, 101703298.0]
[1693231200000, 0.06268, 0.06296, 0.0626, 0.06295, 116156749.0]
[1693234800000, 0.06295, 0.06347, 0.06287, 0.06324, 262415382.0]
[1693238400000, 0.06324, 0.06354, 0.06318, 0.06318, 155084350.0]
[1693242000000, 0.06319, 0.06338, 0.06319, 0.0632, 64925855.0]
[1693245600000, 0.06321, 0.06332, 0.0631, 0.0633, 78509684.0]
[1693249200000, 0.0633, 0.06332, 0.06266, 0.06314, 185862997.0]
[1693252800000, 0.06314, 0.06337, 0.06302, 0.06323, 85322483.0]
[1693256400000, 0.06322, 0.06339, 0.06311, 0.06318, 61794288.0]
[1693260000000, 0.06319, 0.06345, 0.06318, 0.06338, 43585642.0]
[1693263600000, 0.06338, 0.06366, 0.06336, 0.06342, 93302995.0]
[1693267200000, 0.06341, 0.06357, 0.06334, 0.06354, 69151197.0]
[1693270800000, 0.06354, 0.06388, 0.06341, 0.06344, 124982763.0]
[1693274400000, 0.06344, 0.06346, 0.0632, 0.06326, 46090939.0]
[1693278000000, 0.06326, 0.06326, 0.06304, 0.06322, 49460480.0]
[1693281600000, 0.06322, 0.0633, 0.06314, 0.0632, 76582347.0]
[1693285200000, 0.0632, 0.0633, 0.06316, 0.06323, 28084363.0]
[1693288800000, 0.06323, 0.06325, 0.06289, 0.06295, 113431325.0]
[1693292400000, 0.06295, 0.0631, 0.06289, 0.06296, 105888562.0]
[1693296000000, 0.06296, 0.06301, 0.06282, 0.06291, 66306795.0]
[1693299600000, 0.0629, 0.06296, 0.06272, 0.06282, 62548934.0]
[1693303200000, 0.06282, 0.06283, 0.06236, 0.06269, 178870314.0]
[1693306800000, 0.06269, 0.06283, 0.06248, 0.06257, 84980378.0]
[1693310400000, 0.06257, 0.06274, 0.06245, 0.06274, 77044135.0]
[1693314000000, 0.06273, 0.06287, 0.0626, 0.06274, 72199327.0]
[1693317600000, 0.06274, 0.0656, 0.06274, 0.06492, 2161515176.0]
[1693321200000, 0.06491, 0.0686, 0.06461, 0.06691, 2976865029.0]
[1693324800000, 0.06691, 0.06797, 0.06662, 0.06697, 1076777255.0]
[1693328400000, 0.06696, 0.06713, 0.06629, 0.06678, 485631609.0]
[1693332000000, 0.06678, 0.06728, 0.06674, 0.06681, 295898981.0]
[1693335600000, 0.06681, 0.06704, 0.06654, 0.06691, 203745527.0]
[1693339200000, 0.06691, 0.06726, 0.06639, 0.06654, 286570646.0]
[1693342800000, 0.06654, 0.06686, 0.06646, 0.06667, 144112033.0]
[1693346400000, 0.06667, 0.06702, 0.06645, 0.06682, 151685937.0]
[1693350000000, 0.06683, 0.06687, 0.06596, 0.06636, 270574505.0]
[1693353600000, 0.06637, 0.06645, 0.06588, 0.06596, 226593950.0]
[1693357200000, 0.06597, 0.06605, 0.06536, 0.06574, 279294804.0]
[1693360800000, 0.06574, 0.06584, 0.06545, 0.06564, 121206370.0]
[1693364400000, 0.06564, 0.06564, 0.06513, 0.06555, 191037641.0]
[1693368000000, 0.06555, 0.06569, 0.06544, 0.06566, 71470283.0]
[1693371600000, 0.06566, 0.06574, 0.06555, 0.06572, 80806572.0]
[1693375200000, 0.06572, 0.06572, 0.0653, 0.06535, 78463690.0]
[1693378800000, 0.06535, 0.06563, 0.06533, 0.06554, 124336864.0]
[1693382400000, 0.06554, 0.06573, 0.06537, 0.0656, 145254334.0]
[1693386000000, 0.0656, 0.06561, 0.06509, 0.0653, 221630024.0]
[1693389600000, 0.0653, 0.06546, 0.0652, 0.06545, 54418735.0]
[1693393200000, 0.06544, 0.06545, 0.06509, 0.0652, 99758222.0]
[1693396800000, 0.06519, 0.06538, 0.06488, 0.06532, 245299952.0]
[1693400400000, 0.06531, 0.06596, 0.06491, 0.06544, 471389416.0]
[1693404000000, 0.06545, 0.06552, 0.0642, 0.0647, 482536550.0]
[1693407600000, 0.0647, 0.06514, 0.0644, 0.0649, 262616204.0]
[1693411200000, 0.06491, 0.06535, 0.06477, 0.06528, 179918233.0]
[1693414800000, 0.06528, 0.06556, 0.06518, 0.06534, 120088688.0]
[1693418400000, 0.06534, 0.06546, 0.06512, 0.06542, 97782742.0]
[1693422000000, 0.06543, 0.06543, 0.06525, 0.06525, 67213499.0]
[1693425600000, 0.06526, 0.0656, 0.06522, 0.06558, 64373605.0]
[1693429200000, 0.06558, 0.06569, 0.06545, 0.06553, 87106565.0]
[1693432800000, 0.06553, 0.06567, 0.06549, 0.06559, 60131295.0]
[1693436400000, 0.06559, 0.06588, 0.06558, 0.06583, 93617475.0]
[1693440000000, 0.06583, 0.06583, 0.06545, 0.0655, 94825044.0]
[1693443600000, 0.0655, 0.06551, 0.0652, 0.06526, 87401673.0]
[1693447200000, 0.06526, 0.06542, 0.06526, 0.06536, 40020339.0]
[1693450800000, 0.06537, 0.06552, 0.06535, 0.06545, 84570570.0]
[1693454400000, 0.06545, 0.06574, 0.06545, 0.06569, 134030874.0]
[1693458000000, 0.06569, 0.06592, 0.06556, 0.06591, 98988828.0]
[1693461600000, 0.06591, 0.06619, 0.06562, 0.06603, 176979931.0]
[1693465200000, 0.06602, 0.06667, 0.06602, 0.06653, 435111900.0]
[1693468800000, 0.06652, 0.0667, 0.06642, 0.06655, 301966305.0]
[1693472400000, 0.06656, 0.06657, 0.06603, 0.06621, 202921123.0]
[1693476000000, 0.06622, 0.06645, 0.0662, 0.06639, 103380687.0]
[1693479600000, 0.06638, 0.067, 0.06634, 0.06666, 434130605.0]
[1693483200000, 0.06667, 0.06674, 0.06612, 0.06658, 257529278.0]
[1693486800000, 0.06659, 0.06661, 0.06597, 0.06619, 272858679.0]
[1693490400000, 0.06619, 0.06626, 0.0657, 0.06613, 364044822.0]
[1693494000000, 0.06613, 0.06614, 0.06458, 0.06531, 555245855.0]
[1693497600000, 0.06532, 0.06547, 0.0636, 0.06375, 819436611.0]
[1693501200000, 0.06376, 0.06412, 0.06253, 0.06406, 637663513.0]
[1693504800000, 0.06405, 0.0643, 0.06394, 0.06406, 224350015.0]
[1693508400000, 0.06405, 0.06413, 0.06347, 0.06378, 317137299.0]
[1693512000000, 0.06377, 0.06388, 0.06334, 0.06353, 208165633.0]
[1693515600000, 0.06353, 0.06355, 0.0627, 0.0631, 369547315.0]
[1693519200000, 0.06311, 0.0637, 0.0628, 0.0637, 244270076.0]
[1693522800000, 0.06369, 0.06396, 0.06362, 0.06376, 153984417.0]
[1693526400000, 0.06375, 0.06408, 0.06367, 0.06393, 130225723.0]
[1693530000000, 0.06393, 0.06397, 0.06362, 0.06363, 108405775.0]
[1693533600000, 0.06364, 0.06405, 0.06363, 0.06384, 218155592.0]
[1693537200000, 0.06384, 0.06409, 0.06371, 0.06392, 65030447.0]
[1693540800000, 0.06392, 0.06402, 0.06373, 0.06375, 59917869.0]
[1693544400000, 0.06375, 0.06384, 0.06362, 0.06367, 56590033.0]
[1693548000000, 0.06368, 0.06378, 0.0633, 0.06346, 230244066.0]
[1693551600000, 0.06346, 0.06364, 0.0634, 0.06355, 75289955.0]
[1693555200000, 0.06354, 0.06365, 0.06337, 0.06352, 75153402.0]
[1693558800000, 0.06353, 0.06387, 0.06344, 0.06372, 197376514.0]
[1693562400000, 0.06372, 0.0639, 0.06366, 0.06368, 84408611.0]
[1693566000000, 0.06368, 0.064, 0.06361, 0.06396, 88545441.0]
[1693569600000, 0.06396, 0.06427, 0.06379, 0.06399, 198943559.0]
[1693573200000, 0.06399, 0.06405, 0.06343, 0.06386, 219099962.0]
[1693576800000, 0.06385, 0.06391, 0.06296, 0.06331, 327563264.0]
[1693580400000, 0.06331, 0.06373, 0.06288, 0.06335, 259358765.0]
[1693584000000, 0.06335, 0.06362, 0.06316, 0.06317, 158529306.0]
[1693587600000, 0.06316, 0.06331, 0.06221, 0.06269, 569837086.0]
[1693591200000, 0.06269, 0.06351, 0.06265, 0.06313, 208833635.0]
[1693594800000, 0.06313, 0.06334, 0.06287, 0.06327, 139381784.0]
[1693598400000, 0.06328, 0.06401, 0.06323, 0.06374, 200995659.0]
[1693602000000, 0.06374, 0.06376, 0.06324, 0.06353, 155871984.0]
[1693605600000, 0.06352, 0.06365, 0.06333, 0.06358, 106529517.0]
[1693609200000, 0.06357, 0.06395, 0.0635, 0.06384, 97902673.0]
[1693612800000, 0.06383, 0.06401, 0.06352, 0.06376, 170049479.0]
[1693616400000, 0.06376, 0.0639, 0.0636, 0.06366, 65518813.0]
[1693620000000, 0.06367, 0.06374, 0.06352, 0.06354, 53212010.0]
[1693623600000, 0.06354, 0.06373, 0.0635, 0.0637, 41454878.0]
[1693627200000, 0.06369, 0.06386, 0.06359, 0.06386, 56149421.0]
[1693630800000, 0.06386, 0.06393, 0.06359, 0.06362, 93712555.0]
[1693634400000, 0.06361, 0.06381, 0.06309, 0.0634, 175290052.0]
[1693638000000, 0.0634, 0.06359, 0.06324, 0.06339, 116693553.0]
[1693641600000, 0.06339, 0.06351, 0.06304, 0.0631, 126778353.0]
[1693645200000, 0.06311, 0.06343, 0.063, 0.06335, 101918352.0]
[1693648800000, 0.06334, 0.0635, 0.06327, 0.06338, 96386775.0]
[1693652400000, 0.06338, 0.06351, 0.06331, 0.06339, 55259172.0]
[1693656000000, 0.06339, 0.06344, 0.06326, 0.06327, 46673258.0]
[1693659600000, 0.06327, 0.0635, 0.06304, 0.06338, 117059615.0]
[1693663200000, 0.06338, 0.06499, 0.06314, 0.06388, 834856557.0]
[1693666800000, 0.06387, 0.06398, 0.06368, 0.06371, 199294969.0]
[1693670400000, 0.06371, 0.06391, 0.06354, 0.06369, 121175534.0]
[1693674000000, 0.06369, 0.0637, 0.06302, 0.06315, 210320911.0]