1d
2023-03-13 00:00:00
[1667865600000, 67.39, 68.8, 53.45, 57.74, 12700855.307]
[1667952000000, 57.74, 59.77, 47.38, 50.64, 10438260.425]
[1668038400000, 50.64, 61.32, 49.61, 60.53, 7701910.767]
[1668124800000, 60.53, 64.3, 58.41, 61.43, 7429265.528]
[1668211200000, 61.45, 61.74, 58.1, 59.91, 3374190.37]
[1668297600000, 59.91, 60.29, 56.12, 57.32, 2789575.613]
[1668384000000, 57.33, 59.24, 53.4, 56.64, 5343582.718]
[1668470400000, 56.64, 59.51, 56.42, 57.98, 3191760.863]
[1668556800000, 57.98, 60.14, 56.66, 57.45, 3581406.861]
[1668643200000, 57.44, 63.33, 56.95, 62.5, 6672739.106]
[1668729600000, 62.5, 63.89, 61.53, 62.6, 7143297.472]
[1668816000000, 62.6, 64.59, 61.25, 63.93, 5894745.769]
[1668902400000, 63.93, 64.9, 60.33, 62.06, 6350071.355]
[1668988800000, 62.06, 63.49, 59.17, 61.29, 11702419.02]
[1669075200000, 61.29, 71.3, 61.02, 70.6, 17638174.917]
[1669161600000, 70.6, 84.9, 69.57, 78.96, 21233788.726]
[1669248000000, 78.96, 79.5, 74.9, 78.64, 11428506.689]
[1669334400000, 78.63, 79.99, 73.12, 74.04, 10639165.84]
[1669420800000, 74.05, 79.66, 73.83, 76.43, 9286897.65]
[1669507200000, 76.43, 79.21, 74.02, 74.88, 7450291.538]
[1669593600000, 74.88, 75.3, 70.49, 73.9, 10143534.209]
[1669680000000, 73.9, 78.0, 73.35, 75.76, 8683001.286]
[1669766400000, 75.76, 80.9, 75.36, 79.11, 7878087.603]
[1669852800000, 79.1, 80.62, 76.19, 77.55, 6505287.053]
[1669939200000, 77.55, 78.12, 75.22, 77.86, 3933314.832]
[1670025600000, 77.87, 78.05, 75.4, 76.42, 2762946.877]
[1670112000000, 76.42, 77.6, 75.73, 77.04, 3108118.612]
[1670198400000, 77.03, 85.0, 76.77, 80.15, 11719067.9]
[1670284800000, 80.16, 81.75, 77.62, 79.84, 5511849.208]
[1670371200000, 79.84, 80.36, 75.41, 76.85, 5654173.475]
[1670457600000, 76.86, 78.69, 74.1, 78.22, 6387822.761]
[1670544000000, 78.23, 78.83, 75.79, 76.29, 4192325.574]
[1670630400000, 76.29, 77.43, 75.61, 76.3, 2035668.345]
[1670716800000, 76.3, 78.38, 76.24, 76.46, 2978087.156]
[1670803200000, 76.46, 76.7, 73.5, 76.18, 4429302.409]
[1670889600000, 76.19, 79.8, 74.29, 77.37, 5948667.702]
[1670976000000, 77.36, 79.1, 74.13, 75.32, 4494486.774]
[1671062400000, 75.31, 75.49, 71.58, 72.41, 4295692.088]
[1671148800000, 72.41, 73.56, 64.81, 66.21, 6931933.653]
[1671235200000, 66.21, 67.68, 62.3, 64.85, 6446847.486]
[1671321600000, 64.85, 65.93, 63.0, 64.37, 3988429.191]
[1671408000000, 64.37, 65.0, 60.92, 63.32, 5455990.99]
[1671494400000, 63.32, 66.3, 63.04, 65.5, 5722652.016]
[1671580800000, 65.51, 66.8, 64.57, 65.36, 4128628.908]
[1671667200000, 65.36, 66.67, 64.21, 66.16, 4001556.483]
[1671753600000, 66.16, 66.71, 64.67, 65.71, 2556043.408]
[1671840000000, 65.71, 66.0, 65.01, 65.73, 1255587.997]
[1671926400000, 65.73, 69.69, 65.24, 69.11, 4045547.012]
[1672012800000, 69.1, 72.0, 68.55, 70.73, 6662536.698]
[1672099200000, 70.73, 71.13, 67.71, 68.62, 5585913.096]
[1672185600000, 68.62, 69.46, 65.61, 66.27, 5617908.228]
[1672272000000, 66.28, 67.25, 65.52, 66.62, 3513067.381]
[1672358400000, 66.62, 68.67, 66.0, 67.92, 4161504.843]
[1672444800000, 67.92, 71.12, 67.6, 70.15, 4873987.208]
[1672531200000, 70.14, 71.53, 68.85, 70.88, 4429603.128]
[1672617600000, 70.89, 78.11, 70.01, 74.69, 8202445.942]
[1672704000000, 74.69, 76.48, 73.62, 75.53, 5829025.015]
[1672790400000, 75.54, 78.0, 74.24, 75.42, 6384696.246]
[1672876800000, 75.42, 76.26, 73.51, 74.21, 4408969.845]
[1672963200000, 74.22, 76.56, 72.23, 75.89, 6165255.413]
[1673049600000, 75.9, 76.9, 75.41, 76.36, 2876275.43]
[1673136000000, 76.37, 81.66, 75.03, 78.7, 4273835.453]
[1673222400000, 78.68, 83.66, 78.08, 81.66, 8632307.127]
[1673308800000, 81.65, 82.89, 79.49, 80.92, 4476539.21]
[1673395200000, 80.92, 85.15, 79.9, 84.09, 7349563.144]
[1673481600000, 84.09, 88.0, 80.66, 86.08, 8653049.266]
[1673568000000, 86.07, 88.11, 83.55, 86.24, 5837187.635]
[1673654400000, 86.23, 92.0, 85.91, 87.92, 8322720.945]
[1673740800000, 87.91, 88.8, 85.2, 87.45, 3645878.403]
[1673827200000, 87.45, 89.29, 83.25, 85.95, 4332951.049]
[1673913600000, 85.94, 89.5, 84.5, 87.05, 5147888.122]
[1674000000000, 87.05, 88.44, 82.0, 82.64, 5275319.284]
[1674086400000, 82.64, 84.59, 81.64, 84.19, 2753708.743]
[1674172800000, 84.18, 91.36, 83.0, 90.29, 4071851.791]
[1674259200000, 90.28, 92.31, 87.59, 87.97, 4093149.067]
[1674345600000, 87.97, 90.08, 86.52, 87.6, 3093210.03]
[1674432000000, 87.6, 93.25, 87.55, 90.0, 4539848.664]
[1674518400000, 90.0, 91.53, 86.0, 87.18, 3131311.235]
[1674604800000, 87.18, 92.0, 85.5, 89.43, 3363777.725]
[1674691200000, 89.42, 90.03, 86.84, 87.51, 2558364.707]
[1674777600000, 87.52, 89.24, 85.79, 88.95, 2183316.13]
[1674864000000, 88.94, 90.04, 86.97, 89.71, 1922679.073]
[1674950400000, 89.71, 97.9, 89.69, 94.94, 7981920.597]
[1675036800000, 94.94, 96.1, 88.0, 91.31, 5622136.012]
[1675123200000, 91.31, 96.25, 91.26, 94.11, 5482173.853]
[1675209600000, 94.12, 102.72, 93.72, 100.44, 7400870.118]
[1675296000000, 100.44, 102.5, 97.94, 98.72, 4224026.293]
[1675382400000, 98.73, 100.8, 97.5, 99.94, 3082151.008]
[1675468800000, 99.94, 101.44, 98.24, 98.51, 1935236.47]
[1675555200000, 98.51, 98.88, 94.75, 96.63, 2406026.576]
[1675641600000, 96.63, 97.99, 94.77, 95.97, 2544384.435]
[1675728000000, 95.96, 101.69, 95.91, 100.9, 4282784.081]
[1675814400000, 100.9, 102.45, 96.8, 99.19, 3569915.888]
[1675900800000, 99.2, 99.52, 89.88, 92.01, 5577916.83]
[1675987200000, 92.01, 94.18, 91.01, 93.31, 4187800.592]
[1676073600000, 93.3, 94.77, 92.61, 94.24, 2742692.156]
[1676160000000, 94.23, 94.52, 90.83, 92.43, 2465823.814]
[1676246400000, 92.43, 94.99, 88.11, 90.98, 5291126.355]
[1676332800000, 90.99, 95.95, 90.25, 95.76, 4733081.669]
[1676419200000, 95.75, 103.36, 94.97, 102.82, 5635093.21]
[1676505600000, 102.82, 105.86, 98.5, 98.6, 5729491.857]
[1676592000000, 98.6, 101.76, 98.23, 100.21, 4373481.385]
[1676678400000, 100.2, 101.96, 98.89, 99.72, 3275878.339]
[1676764800000, 99.71, 101.54, 96.69, 97.44, 3823723.014]
[1676851200000, 97.44, 98.8, 94.52, 95.96, 5021485.947]
[1676937600000, 95.97, 96.85, 91.55, 93.81, 5128127.221]
[1677024000000, 93.81, 95.55, 91.55, 95.22, 6024725.069]
[1677110400000, 95.22, 96.3, 93.31, 94.59, 3872339.316]
[1677196800000, 94.59, 95.26, 89.71, 91.51, 3693058.085]
[1677283200000, 91.51, 93.45, 90.24, 93.1, 3032163.09]
[1677369600000, 93.09, 95.51, 92.72, 95.23, 2633726.255]
[1677456000000, 95.23, 96.06, 92.38, 94.02, 3295730.063]
[1677542400000, 94.02, 95.99, 92.94, 93.76, 3079969.319]
[1677628800000, 93.76, 98.36, 93.52, 97.74, 3886533.88]
[1677715200000, 97.73, 98.34, 93.88, 95.32, 3553615.027]
[1677801600000, 95.33, 95.43, 85.29, 90.51, 4725594.217]
[1677888000000, 90.51, 90.82, 87.32, 89.29, 2555389.907]
[1677974400000, 89.3, 91.73, 89.15, 89.9, 2886614.868]
[1678060800000, 89.9, 90.57, 86.46, 87.3, 3678363.164]
[1678147200000, 87.3, 88.92, 83.75, 86.27, 4985734.702]
[1678233600000, 86.28, 86.65, 81.19, 82.72, 4772075.55]
[1678320000000, 82.71, 84.91, 74.88, 76.62, 6637861.458]
[1678406400000, 76.63, 76.76, 68.0, 71.36, 11595225.08]
[1678492800000, 71.37, 73.78, 65.0, 69.16, 10294786.057]
[1678579200000, 69.15, 76.51, 67.35, 76.31, 8366861.878]
[1678665600000, 76.31, 83.2, 73.81, 81.49, 9823900.294]
[1678752000000, 81.49, 88.36, 79.18, 83.97, 8324218.252]
[1678838400000, 83.96, 85.46, 75.0, 76.4, 8398452.041]
[1678924800000, 76.4, 79.86, 75.55, 78.82, 5882379.606]
[1679011200000, 78.83, 85.55, 78.12, 85.47, 6581602.985]
[1679097600000, 85.47, 87.93, 81.85, 83.01, 6689627.688]
[1679184000000, 83.01, 86.35, 82.07, 83.98, 4876201.091]
[1679270400000, 83.99, 84.3, 77.69, 78.04, 6319473.413]
[1679356800000, 78.04, 83.52, 76.58, 82.45, 6046833.224]
[1679443200000, 82.45, 88.29, 79.14, 87.24, 10111177.991]
[1679529600000, 87.23, 94.66, 85.56, 93.56, 15274018.345]
[1679616000000, 93.56, 96.0, 88.88, 93.51, 10561420.108]
[1679702400000, 93.51, 94.28, 89.95, 91.43, 5382356.215]
[1679788800000, 91.43, 94.78, 90.5, 93.27, 5187367.281]
[1679875200000, 93.27, 94.11, 87.5, 89.17, 6555368.27]
[1679961600000, 89.18, 89.58, 85.5, 89.06, 6571672.833]
[1680048000000, 89.07, 93.0, 88.86, 91.25, 4670155.353]
[1680134400000, 91.26, 93.3, 86.45, 89.02, 5508665.218]
[1680220800000, 89.01, 90.24, 87.18, 89.54, 3450177.175]
[1680307200000, 89.54, 94.31, 89.32, 92.51, 4851289.031]
[1680393600000, 92.5, 94.58, 90.26, 92.75, 5218556.255]
[1680480000000, 92.75, 95.87, 89.25, 92.93, 6531373.154]
[1680566400000, 92.93, 94.06, 91.53, 92.51, 3176422.549]
[1680652800000, 92.51, 95.09, 91.0, 92.57, 4160714.52]
[1680739200000, 92.57, 92.61, 89.7, 90.92, 2643597.319]
[1680825600000, 90.92, 91.44, 89.01, 90.56, 1880558.91]
[1680912000000, 90.57, 91.43, 89.19, 89.86, 1229200.599]
[1680998400000, 89.85, 91.0, 89.07, 90.52, 1666354.241]
[1681084800000, 90.51, 94.5, 89.8, 93.75, 3262215.192]
[1681171200000, 93.75, 97.0, 93.13, 94.17, 4697831.353]
[1681257600000, 94.17, 94.63, 90.76, 92.03, 4438141.242]
[1681344000000, 92.04, 94.55, 91.61, 94.14, 2455758.658]
[1681430400000, 94.14, 99.38, 93.6, 96.36, 5375953.722]
[1681516800000, 96.36, 97.4, 94.68, 96.73, 1956367.546]
[1681603200000, 96.74, 102.3, 95.11, 100.11, 5416128.408]
[1681689600000, 100.11, 100.42, 97.31, 98.9, 4085769.94]
[1681776000000, 98.91, 103.58, 97.59, 101.94, 4958014.803]
[1681862400000, 101.93, 101.96, 86.45, 90.43, 6030015.271]
[1681948800000, 90.42, 92.43, 87.1, 90.18, 5658825.042]
[1682035200000, 90.18, 90.88, 83.5, 85.29, 5156765.004]
[1682121600000, 85.28, 87.09, 84.71, 86.95, 2117815.219]
[1682208000000, 86.95, 87.06, 84.02, 86.72, 2278884.911]
[1682294400000, 86.72, 88.98, 85.81, 88.25, 3878724.332]
[1682380800000, 88.26, 91.75, 87.12, 90.98, 5249296.98]
[1682467200000, 90.98, 93.9, 84.0, 88.07, 6608338.558]
[1682553600000, 88.07, 90.68, 87.0, 89.7, 4484531.651]
[1682640000000, 89.7, 90.35, 87.58, 89.58, 2846422.415]
[1682726400000, 89.58, 91.63, 89.16, 91.04, 2037960.882]
[1682812800000, 91.05, 91.35, 87.69, 88.17, 2472586.759]
[1682899200000, 88.18, 88.83, 85.05, 86.71, 2910720.103]
[1682985600000, 86.7, 89.15, 85.96, 88.16, 3049928.654]
[1683072000000, 88.17, 89.84, 85.3, 88.84, 3904714.332]
[1683158400000, 88.85, 89.11, 87.35, 88.33, 1960705.796]
[1683244800000, 88.34, 89.68, 86.0, 88.57, 3015102.504]
[1683331200000, 88.57, 89.31, 80.45, 83.22, 4881556.358]
[1683417600000, 83.23, 84.68, 82.88, 83.37, 2679060.228]
[1683504000000, 83.37, 85.2, 75.0, 77.67, 6355675.825]
[1683590400000, 77.68, 80.09, 77.26, 79.88, 3634782.354]
[1683676800000, 79.88, 82.02, 77.0, 80.88, 5124232.821]
[1683763200000, 80.89, 81.94, 78.24, 80.83, 5649487.133]
[1683849600000, 80.83, 81.46, 77.0, 80.41, 5059912.247]
[1683936000000, 80.4, 81.05, 79.65, 80.21, 2065313.618]
[1684022400000, 80.21, 83.96, 79.5, 83.43, 3243475.645]
[1684108800000, 83.42, 88.5, 82.05, 86.88, 7557795.625]
