1d
2023-07-06 00:00:00
[1655596800000, 0.3454, 0.3856, 0.3263, 0.3839, 517241934.0]
[1655683200000, 0.3838, 0.4108, 0.3587, 0.4005, 452529915.0]
[1655769600000, 0.4004, 0.4544, 0.392, 0.4198, 488623363.0]
[1655856000000, 0.4199, 0.4714, 0.3944, 0.4554, 767842427.0]
[1655942400000, 0.4555, 0.575, 0.4552, 0.5617, 2212837864.0]
[1656028800000, 0.5617, 0.6282, 0.5613, 0.6067, 1712725719.0]
[1656115200000, 0.6066, 0.6263, 0.5656, 0.6008, 843696960.0]
[1656201600000, 0.6008, 0.6265, 0.5554, 0.5581, 643748559.0]
[1656288000000, 0.5579, 0.5963, 0.52, 0.5319, 807848552.0]
[1656374400000, 0.5319, 0.575, 0.5034, 0.5107, 1030137992.0]
[1656460800000, 0.5105, 0.5465, 0.4846, 0.4971, 1133676018.0]
[1656547200000, 0.4972, 0.4976, 0.4176, 0.4808, 1182995050.0]
[1656633600000, 0.4806, 0.4985, 0.4492, 0.4618, 807919338.0]
[1656720000000, 0.4619, 0.4963, 0.4484, 0.4928, 495945923.0]
[1656806400000, 0.4928, 0.4944, 0.4488, 0.4617, 589256436.0]
[1656892800000, 0.4617, 0.4955, 0.4508, 0.4916, 500288641.0]
[1656979200000, 0.4915, 0.5357, 0.4851, 0.5122, 1361304507.0]
[1657065600000, 0.5122, 0.5308, 0.4926, 0.5254, 867142535.0]
[1657152000000, 0.5254, 0.5728, 0.5108, 0.5625, 815534145.0]
[1657238400000, 0.5626, 0.6199, 0.555, 0.6059, 1421794341.0]
[1657324800000, 0.6058, 0.6117, 0.5818, 0.5894, 601953528.0]
[1657411200000, 0.5894, 0.5899, 0.5522, 0.5714, 572464909.0]
[1657497600000, 0.5714, 0.598, 0.5361, 0.5625, 1146172751.0]
[1657584000000, 0.5626, 0.593, 0.5338, 0.5358, 1610405712.0]
[1657670400000, 0.5359, 0.6449, 0.5185, 0.6387, 1762622670.0]
[1657756800000, 0.6386, 0.7197, 0.6133, 0.7089, 3027886344.0]
[1657843200000, 0.7089, 0.736, 0.6759, 0.703, 1855606673.0]
[1657929600000, 0.703, 0.7471, 0.682, 0.7285, 1187079550.0]
[1658016000000, 0.7287, 0.7909, 0.7178, 0.7525, 1375602420.0]
[1658102400000, 0.7525, 0.9838, 0.7442, 0.9581, 2933950482.0]
[1658188800000, 0.9581, 0.981, 0.8826, 0.9247, 1638693420.0]
[1658275200000, 0.9246, 0.953, 0.81, 0.8312, 1648097869.0]
[1658361600000, 0.8311, 0.9282, 0.7958, 0.9053, 1913276357.0]
[1658448000000, 0.9053, 0.9355, 0.8436, 0.8501, 1070925076.0]
[1658534400000, 0.8502, 0.8887, 0.8135, 0.8707, 777317817.0]
[1658620800000, 0.8707, 0.9088, 0.8458, 0.8789, 754626845.0]
[1658707200000, 0.879, 0.8845, 0.7662, 0.7697, 1009873426.0]
[1658793600000, 0.7701, 0.7841, 0.7213, 0.7825, 1047994957.0]
[1658880000000, 0.7823, 0.8986, 0.761, 0.8964, 1427971018.0]
[1658966400000, 0.8964, 0.9752, 0.8421, 0.9339, 1345504099.0]
[1659052800000, 0.934, 0.9936, 0.9046, 0.9383, 1071270600.0]
[1659139200000, 0.9384, 0.9851, 0.9136, 0.9308, 629429863.0]
[1659225600000, 0.9309, 1.0174, 0.91, 0.927, 727577479.0]
[1659312000000, 0.9271, 0.9466, 0.8778, 0.8912, 616530462.0]
[1659398400000, 0.8911, 0.9064, 0.8483, 0.876, 697803562.0]
[1659484800000, 0.8759, 0.9256, 0.8553, 0.8875, 548980964.0]
[1659571200000, 0.8874, 0.9116, 0.8745, 0.8909, 505887892.0]
[1659657600000, 0.891, 0.9372, 0.8884, 0.9276, 485483329.0]
[1659744000000, 0.9276, 0.9416, 0.9018, 0.9072, 313337904.0]
[1659830400000, 0.9073, 0.9249, 0.8917, 0.9064, 257464082.0]
[1659916800000, 0.9064, 0.952, 0.904, 0.9211, 466292680.0]
[1660003200000, 0.921, 0.9308, 0.868, 0.8902, 410215078.0]
[1660089600000, 0.8902, 0.9412, 0.87, 0.9376, 515917355.0]
[1660176000000, 0.9376, 0.9563, 0.9147, 0.9203, 450199440.0]
[1660262400000, 0.9204, 0.935, 0.905, 0.9341, 336841540.0]
[1660348800000, 0.9342, 1.035, 0.929, 1.0253, 1084815361.0]
[1660435200000, 1.0253, 1.0543, 0.985, 1.0002, 667183291.0]
[1660521600000, 1.0002, 1.0341, 0.9305, 0.9498, 604565698.0]
[1660608000000, 0.9497, 0.9674, 0.923, 0.9337, 511122495.0]
[1660694400000, 0.9337, 0.9636, 0.8761, 0.884, 531979133.0]
[1660780800000, 0.8841, 0.9086, 0.8501, 0.8561, 420848757.0]
[1660867200000, 0.856, 0.8576, 0.7626, 0.769, 872129998.0]
[1660953600000, 0.7691, 0.8163, 0.7566, 0.7854, 605504857.0]
[1661040000000, 0.7854, 0.8293, 0.778, 0.8201, 459727273.0]
[1661126400000, 0.82, 0.8222, 0.7679, 0.8093, 497863720.0]
[1661212800000, 0.8094, 0.8366, 0.7906, 0.8317, 430110842.0]
[1661299200000, 0.8317, 0.8399, 0.8012, 0.8127, 357875375.0]
[1661385600000, 0.8127, 0.8318, 0.8037, 0.8176, 326512896.0]
[1661472000000, 0.8175, 0.8491, 0.7524, 0.7643, 744162849.0]
[1661558400000, 0.7644, 0.815, 0.7546, 0.8044, 716870856.0]
[1661644800000, 0.8045, 0.8345, 0.7768, 0.7822, 642283821.0]
[1661731200000, 0.7821, 0.8209, 0.7606, 0.8163, 638205729.0]
[1661817600000, 0.8163, 0.8445, 0.7821, 0.8149, 616439859.0]
[1661904000000, 0.8148, 0.857, 0.8148, 0.832, 570205867.0]
[1661990400000, 0.832, 0.8949, 0.8214, 0.8838, 823111054.0]
[1662076800000, 0.8839, 0.9135, 0.862, 0.8712, 779043088.0]
[1662163200000, 0.8711, 0.8899, 0.8658, 0.8884, 360737123.0]
[1662249600000, 0.8883, 0.8987, 0.871, 0.8947, 306136799.0]
[1662336000000, 0.8946, 0.9031, 0.8612, 0.8816, 349006406.0]
[1662422400000, 0.8815, 0.9239, 0.81, 0.8149, 700992958.0]
[1662508800000, 0.8149, 0.8505, 0.7909, 0.84, 455518577.0]
[1662595200000, 0.8401, 0.8493, 0.8153, 0.8444, 373793819.0]
[1662681600000, 0.8444, 0.9006, 0.8413, 0.8899, 350261023.0]
[1662768000000, 0.8899, 0.9124, 0.8772, 0.9051, 286928794.0]
[1662854400000, 0.9052, 0.9179, 0.875, 0.8927, 195841671.0]
[1662940800000, 0.8927, 0.9399, 0.871, 0.9296, 511272369.0]
[1663027200000, 0.9296, 0.9438, 0.8377, 0.8453, 578439952.0]
[1663113600000, 0.8454, 0.8678, 0.8282, 0.8637, 317957468.0]
[1663200000000, 0.8636, 0.8756, 0.8159, 0.8245, 427027166.0]
[1663286400000, 0.8245, 0.831, 0.786, 0.8062, 374282521.0]
[1663372800000, 0.8061, 0.831, 0.8042, 0.8275, 177283572.0]
[1663459200000, 0.8276, 0.8359, 0.7476, 0.7527, 342263459.0]
[1663545600000, 0.7528, 0.7747, 0.7238, 0.7648, 419478611.0]
[1663632000000, 0.7648, 0.7688, 0.7293, 0.7328, 331456279.0]
[1663718400000, 0.7327, 0.7775, 0.6892, 0.6999, 552172955.0]
[1663804800000, 0.6998, 0.7626, 0.6994, 0.7516, 431528989.0]
[1663891200000, 0.7516, 0.7847, 0.7219, 0.778, 468839957.0]
[1663977600000, 0.778, 0.7822, 0.7491, 0.7523, 271080974.0]
[1664064000000, 0.7523, 0.767, 0.73, 0.7391, 267446841.0]
[1664150400000, 0.7391, 0.7612, 0.725, 0.7552, 393694786.0]
[1664236800000, 0.7553, 0.7934, 0.7254, 0.7384, 448317881.0]
[1664323200000, 0.7384, 0.7541, 0.7116, 0.747, 349935150.0]
[1664409600000, 0.747, 0.7646, 0.7306, 0.7629, 301954901.0]
[1664496000000, 0.763, 0.7893, 0.76, 0.7777, 451609419.0]
[1664582400000, 0.7777, 0.7811, 0.7589, 0.7665, 172364894.0]
[1664668800000, 0.7665, 0.7851, 0.7603, 0.7625, 215800343.0]
[1664755200000, 0.7626, 0.8067, 0.7542, 0.7995, 388642809.0]
[1664841600000, 0.7995, 0.8435, 0.7993, 0.8344, 474928263.0]
[1664928000000, 0.8344, 0.8604, 0.82, 0.8508, 436246908.0]
[1665014400000, 0.8507, 0.8595, 0.8297, 0.8333, 342318980.0]
[1665100800000, 0.8332, 0.848, 0.818, 0.831, 281396966.0]
[1665187200000, 0.831, 0.8347, 0.8074, 0.8141, 168307706.0]
[1665273600000, 0.8141, 0.8296, 0.8074, 0.8253, 177209928.0]
[1665360000000, 0.8254, 0.843, 0.811, 0.8133, 451313297.0]
[1665446400000, 0.8132, 0.8132, 0.7839, 0.7906, 399547813.0]
[1665532800000, 0.7905, 0.8019, 0.7816, 0.7825, 236250008.0]
[1665619200000, 0.7824, 0.7873, 0.7036, 0.7743, 625718238.0]
[1665705600000, 0.7743, 0.823, 0.774, 0.7927, 539693154.0]
[1665792000000, 0.7926, 0.81, 0.7853, 0.7889, 282075893.0]
[1665878400000, 0.7889, 0.8096, 0.7875, 0.7978, 211092884.0]
[1665964800000, 0.7978, 0.85, 0.7951, 0.8476, 474967715.0]
[1666051200000, 0.8476, 0.8786, 0.8352, 0.8636, 845440679.0]
[1666137600000, 0.8635, 0.882, 0.8392, 0.8442, 775917906.0]
[1666224000000, 0.8441, 0.8481, 0.8048, 0.8091, 618635123.0]
[1666310400000, 0.809, 0.8333, 0.7729, 0.8318, 725193426.0]
[1666396800000, 0.8318, 0.8406, 0.8123, 0.8314, 326604681.0]
[1666483200000, 0.8314, 0.904, 0.82, 0.8982, 519989698.0]
[1666569600000, 0.8981, 0.9085, 0.8716, 0.8928, 842843341.0]
[1666656000000, 0.8928, 0.9495, 0.8739, 0.9167, 953691199.0]
[1666742400000, 0.9168, 0.9673, 0.9167, 0.937, 744371743.0]
[1666828800000, 0.937, 0.9474, 0.8926, 0.9033, 631347301.0]
[1666915200000, 0.9033, 0.9469, 0.8938, 0.9438, 485816736.0]
[1667001600000, 0.9438, 0.9594, 0.9251, 0.9331, 406404121.0]
[1667088000000, 0.9331, 0.9487, 0.8979, 0.9079, 298428552.0]
[1667174400000, 0.9079, 0.9294, 0.8922, 0.902, 351306546.0]
[1667260800000, 0.902, 0.9092, 0.8714, 0.8732, 294882646.0]
[1667347200000, 0.8732, 0.891, 0.8359, 0.8727, 641537550.0]
[1667433600000, 0.8727, 0.9837, 0.8677, 0.9508, 1000224257.0]
[1667520000000, 0.9508, 1.2, 0.95, 1.1686, 2156673157.0]
[1667606400000, 1.1687, 1.3112, 1.15, 1.1845, 1030336777.0]
[1667692800000, 1.1844, 1.215, 1.1322, 1.1343, 680993573.0]
[1667779200000, 1.1339, 1.2907, 1.128, 1.2566, 1692759716.0]
[1667865600000, 1.2565, 1.2748, 0.893, 1.0435, 2427566669.0]
[1667952000000, 1.0434, 1.0697, 0.761, 0.8159, 2217433914.0]
[1668038400000, 0.8159, 1.16, 0.7981, 1.1228, 1939425038.0]
[1668124800000, 1.1229, 1.1616, 0.965, 1.064, 1360642466.0]
[1668211200000, 1.064, 1.0674, 0.925, 0.9385, 906805125.0]
[1668297600000, 0.9385, 0.9682, 0.8623, 0.889, 734117564.0]
[1668384000000, 0.8889, 0.963, 0.8312, 0.917, 1240555990.0]
[1668470400000, 0.9172, 0.9727, 0.9058, 0.9413, 862589050.0]
[1668556800000, 0.9412, 0.956, 0.8784, 0.8976, 637655955.0]
[1668643200000, 0.8976, 0.912, 0.8613, 0.8737, 635019644.0]
[1668729600000, 0.8737, 0.8995, 0.8677, 0.8793, 444445675.0]
[1668816000000, 0.8792, 0.8831, 0.8478, 0.8756, 351283689.0]
[1668902400000, 0.8755, 0.8814, 0.7977, 0.8064, 520623676.0]
[1668988800000, 0.8063, 0.8209, 0.763, 0.7955, 981771376.0]
[1669075200000, 0.7956, 0.867, 0.7777, 0.8508, 1168848844.0]
[1669161600000, 0.8511, 0.8731, 0.8355, 0.8609, 650972632.0]
[1669248000000, 0.8609, 0.8913, 0.8416, 0.8483, 500148191.0]
[1669334400000, 0.8484, 0.8493, 0.8185, 0.8438, 353678608.0]
[1669420800000, 0.8438, 0.8715, 0.8372, 0.8459, 297330126.0]
[1669507200000, 0.8459, 0.8659, 0.8401, 0.8434, 251509565.0]
[1669593600000, 0.8434, 0.8488, 0.8037, 0.8209, 460898339.0]
[1669680000000, 0.8208, 0.8467, 0.8128, 0.8379, 277436698.0]
[1669766400000, 0.838, 0.9442, 0.8365, 0.9324, 658033741.0]
[1669852800000, 0.9324, 0.9451, 0.905, 0.9083, 631363402.0]
[1669939200000, 0.9084, 0.9486, 0.8978, 0.948, 411867210.0]
[1670025600000, 0.948, 0.9498, 0.8989, 0.9024, 264568620.0]
[1670112000000, 0.9023, 0.923, 0.9004, 0.9207, 195921048.0]
[1670198400000, 0.9206, 0.9449, 0.899, 0.9113, 347357139.0]
[1670284800000, 0.9114, 0.9209, 0.8934, 0.917, 281382805.0]
[1670371200000, 0.9171, 0.9194, 0.8691, 0.8968, 346899334.0]
[1670457600000, 0.8967, 0.931, 0.8867, 0.9271, 361806472.0]
[1670544000000, 0.9271, 0.9347, 0.9076, 0.9092, 266407210.0]
[1670630400000, 0.9092, 0.9165, 0.9, 0.9077, 143517948.0]
[1670716800000, 0.9077, 0.9149, 0.887, 0.8914, 149926845.0]
[1670803200000, 0.8915, 0.9124, 0.8686, 0.9102, 263621844.0]
[1670889600000, 0.9102, 0.9419, 0.8789, 0.9241, 471054344.0]
[1670976000000, 0.9242, 0.9385, 0.893, 0.9022, 346878164.0]
[1671062400000, 0.9023, 0.9059, 0.8716, 0.8785, 232841804.0]
[1671148800000, 0.8784, 0.8911, 0.7805, 0.7948, 474208726.0]
[1671235200000, 0.7948, 0.8183, 0.7809, 0.8152, 297318113.0]
[1671321600000, 0.8151, 0.8259, 0.8017, 0.8123, 196628059.0]
[1671408000000, 0.8122, 0.8215, 0.7532, 0.7732, 483495646.0]
[1671494400000, 0.7732, 0.8091, 0.767, 0.8009, 408315347.0]
[1671580800000, 0.801, 0.8033, 0.7853, 0.7935, 270050966.0]
[1671667200000, 0.7936, 0.7977, 0.7692, 0.7965, 322915652.0]
[1671753600000, 0.7964, 0.807, 0.7889, 0.7987, 258259949.0]
[1671840000000, 0.7987, 0.8009, 0.7922, 0.7952, 93095537.0]
[1671926400000, 0.7952, 0.7986, 0.7849, 0.7949, 138531158.0]
[1672012800000, 0.7949, 0.8165, 0.7931, 0.8149, 172157920.0]
[1672099200000, 0.815, 0.8193, 0.7962, 0.8061, 242991468.0]
[1672185600000, 0.8061, 0.8083, 0.7743, 0.7824, 303464777.0]
[1672272000000, 0.7823, 0.7865, 0.7679, 0.7763, 229573182.0]
[1672358400000, 0.7762, 0.7805, 0.747, 0.7609, 308941230.0]
[1672444800000, 0.7608, 0.7715, 0.753, 0.758, 150404349.0]
[1672531200000, 0.7581, 0.7625, 0.7471, 0.7597, 146365712.0]
[1672617600000, 0.7596, 0.7914, 0.7487, 0.7804, 307924353.0]
[1672704000000, 0.7805, 0.7883, 0.771, 0.7793, 223321026.0]
[1672790400000, 0.7794, 0.8139, 0.777, 0.8063, 392749733.0]
[1672876800000, 0.8063, 0.8107, 0.7842, 0.7889, 220555886.0]
[1672963200000, 0.7888, 0.8, 0.7704, 0.7987, 307037377.0]
[1673049600000, 0.7987, 0.8111, 0.7975, 0.8059, 177884084.0]
[1673136000000, 0.806, 0.845, 0.7958, 0.8406, 274531757.0]
[1673222400000, 0.8405, 0.8771, 0.8344, 0.8426, 520901918.0]
[1673308800000, 0.8425, 0.8609, 0.8311, 0.8583, 284626080.0]
[1673395200000, 0.8583, 0.9026, 0.8438, 0.8916, 378092959.0]
[1673481600000, 0.8916, 0.924, 0.85, 0.915, 566883113.0]
[1673568000000, 0.9151, 0.9395, 0.8952, 0.9304, 359429345.0]
[1673654400000, 0.9304, 1.0567, 0.929, 0.9987, 729483478.0]
[1673740800000, 0.9986, 1.0037, 0.9543, 0.9839, 319141624.0]
[1673827200000, 0.984, 1.0496, 0.9625, 1.0198, 517709270.0]
[1673913600000, 1.0199, 1.0392, 0.9908, 0.9941, 355634372.0]
[1674000000000, 0.9942, 1.0203, 0.915, 0.9377, 480706494.0]
[1674086400000, 0.9377, 0.957, 0.9162, 0.9527, 245921110.0]
[1674172800000, 0.9527, 1.029, 0.9366, 1.027, 345664669.0]
[1674259200000, 1.0271, 1.0428, 0.9862, 0.9903, 350059494.0]
[1674345600000, 0.9902, 1.0333, 0.9752, 0.9942, 349220307.0]
[1674432000000, 0.9943, 1.0152, 0.9661, 0.9941, 309015730.0]
[1674518400000, 0.9941, 1.0444, 0.9384, 0.955, 455813380.0]
[1674604800000, 0.9549, 1.0198, 0.9308, 0.9924, 410783175.0]
[1674691200000, 0.9926, 1.1296, 0.9861, 1.125, 899429884.0]
[1674777600000, 1.1249, 1.191, 1.0621, 1.1593, 924975219.0]
[1674864000000, 1.1592, 1.1707, 1.0916, 1.1445, 495111279.0]
[1674950400000, 1.1446, 1.2015, 1.129, 1.179, 477514655.0]
[1675036800000, 1.1791, 1.181, 1.0571, 1.0881, 454709321.0]
[1675123200000, 1.0881, 1.124, 1.0777, 1.1095, 286173804.0]
[1675209600000, 1.1095, 1.2075, 1.0666, 1.1951, 443877275.0]
[1675296000000, 1.195, 1.2589, 1.1754, 1.1825, 526340837.0]
[1675382400000, 1.1826, 1.2546, 1.1664, 1.246, 441670766.0]
[1675468800000, 1.2461, 1.2848, 1.216, 1.2547, 315871290.0]
[1675555200000, 1.2546, 1.2606, 1.1826, 1.2036, 319081674.0]
[1675641600000, 1.2035, 1.2386, 1.1722, 1.1912, 279027824.0]
[1675728000000, 1.1912, 1.2732, 1.1876, 1.2706, 368794287.0]
[1675814400000, 1.2707, 1.354, 1.255, 1.307, 737728048.0]
[1675900800000, 1.3071, 1.3487, 1.2001, 1.2297, 1105820113.0]
[1675987200000, 1.2297, 1.3145, 1.2099, 1.2289, 952991024.0]
[1676073600000, 1.2289, 1.2576, 1.2123, 1.2485, 361218235.0]
[1676160000000, 1.2485, 1.3038, 1.221, 1.2351, 451920893.0]
[1676246400000, 1.2352, 1.2434, 1.1351, 1.184, 692124873.0]
[1676332800000, 1.184, 1.2597, 1.151, 1.2574, 679718744.0]
[1676419200000, 1.2575, 1.333, 1.2317, 1.3282, 464008820.0]
[1676505600000, 1.3281, 1.4675, 1.3185, 1.3724, 970204036.0]
[1676592000000, 1.3725, 1.55, 1.3702, 1.5243, 976259577.0]
[1676678400000, 1.5242, 1.5689, 1.4733, 1.4846, 475111056.0]
[1676764800000, 1.4846, 1.5374, 1.4608, 1.4793, 484284659.0]
[1676851200000, 1.4793, 1.5084, 1.4305, 1.476, 368513725.0]
[1676937600000, 1.4759, 1.5033, 1.361, 1.3864, 502265160.0]
[1677024000000, 1.3864, 1.4013, 1.32, 1.3951, 510250704.0]
[1677110400000, 1.395, 1.4187, 1.3325, 1.3534, 398669082.0]
[1677196800000, 1.3534, 1.3638, 1.2425, 1.2648, 432661002.0]
[1677283200000, 1.2648, 1.2778, 1.1925, 1.2461, 352651363.0]
[1677369600000, 1.2462, 1.2995, 1.2364, 1.2808, 311253966.0]
[1677456000000, 1.2809, 1.2868, 1.2123, 1.2338, 482609325.0]
[1677542400000, 1.2338, 1.2437, 1.1789, 1.1956, 420354616.0]
[1677628800000, 1.1956, 1.2632, 1.1891, 1.2485, 405160559.0]
[1677715200000, 1.2485, 1.2536, 1.1901, 1.2269, 356536569.0]
[1677801600000, 1.2269, 1.2283, 1.1144, 1.1683, 477911705.0]
[1677888000000, 1.1683, 1.1766, 1.09, 1.1271, 320534847.0]
[1677974400000, 1.127, 1.1594, 1.1165, 1.1352, 325249098.0]
[1678060800000, 1.1351, 1.1465, 1.1133, 1.1305, 288987027.0]
[1678147200000, 1.1306, 1.1686, 1.1102, 1.1498, 580054576.0]
[1678233600000, 1.1497, 1.1574, 1.035, 1.0497, 634895385.0]
[1678320000000, 1.0496, 1.0933, 0.9703, 1.0158, 901643764.0]
[1678406400000, 1.0157, 1.0677, 0.9408, 1.057, 1189271863.0]
[1678492800000, 1.0569, 1.0865, 0.9862, 1.0554, 755612688.0]
[1678579200000, 1.0554, 1.1534, 1.0374, 1.1495, 884620723.0]
[1678665600000, 1.1494, 1.1995, 1.0909, 1.1929, 913429240.0]
[1678752000000, 1.1929, 1.2505, 1.1409, 1.1962, 859837220.0]
[1678838400000, 1.1961, 1.2289, 1.0734, 1.1117, 926594595.0]
[1678924800000, 1.1118, 1.1566, 1.0964, 1.1471, 508122566.0]
[1679011200000, 1.1471, 1.2286, 1.1341, 1.2228, 520060637.0]
[1679097600000, 1.2228, 1.2516, 1.1633, 1.1699, 506955584.0]
[1679184000000, 1.1699, 1.2177, 1.1552, 1.1655, 407881609.0]
[1679270400000, 1.1654, 1.171, 1.096, 1.1016, 634583431.0]
[1679356800000, 1.1016, 1.1671, 1.0761, 1.1523, 621505455.0]
[1679443200000, 1.1523, 1.1599, 1.085, 1.1067, 597178866.0]
[1679529600000, 1.1066, 1.1582, 1.0976, 1.1357, 468564294.0]
[1679616000000, 1.1356, 1.1469, 1.06, 1.0964, 541900117.0]
[1679702400000, 1.0965, 1.1123, 1.0601, 1.0775, 306246421.0]
[1679788800000, 1.0774, 1.1194, 1.0704, 1.1032, 307277741.0]
[1679875200000, 1.1033, 1.1082, 1.0238, 1.0448, 490224456.0]
[1679961600000, 1.0448, 1.1064, 1.0318, 1.0857, 399206517.0]
[1680048000000, 1.0857, 1.1461, 1.0833, 1.1212, 371673485.0]
[1680134400000, 1.1212, 1.1423, 1.0779, 1.0924, 386321756.0]
[1680220800000, 1.0924, 1.124, 1.0721, 1.117, 293430467.0]
[1680307200000, 1.1171, 1.1281, 1.0963, 1.1116, 182191098.0]
[1680393600000, 1.1116, 1.122, 1.08, 1.0951, 198391726.0]
[1680480000000, 1.095, 1.1192, 1.0671, 1.0963, 326191981.0]
[1680566400000, 1.0962, 1.155, 1.0913, 1.138, 295905332.0]
[1680652800000, 1.138, 1.1695, 1.1203, 1.1394, 279374351.0]
[1680739200000, 1.1394, 1.1412, 1.106, 1.1143, 192047907.0]
[1680825600000, 1.1143, 1.1199, 1.0945, 1.1064, 161668911.0]
[1680912000000, 1.1063, 1.1169, 1.0984, 1.1012, 90274852.0]
[1680998400000, 1.1013, 1.1095, 1.0822, 1.1003, 138147181.0]
[1681084800000, 1.1003, 1.1239, 1.087, 1.1201, 160088737.0]
[1681171200000, 1.1201, 1.1313, 1.108, 1.1115, 189709791.0]
[1681257600000, 1.1114, 1.1167, 1.08, 1.1034, 265200791.0]
[1681344000000, 1.1034, 1.1397, 1.0951, 1.1333, 226105138.0]
[1681430400000, 1.1334, 1.1916, 1.1332, 1.1612, 430173535.0]
[1681516800000, 1.1611, 1.1856, 1.1451, 1.1715, 234991781.0]
[1681603200000, 1.1715, 1.1897, 1.1507, 1.1833, 203818093.0]
[1681689600000, 1.1832, 1.1852, 1.1453, 1.1537, 277212728.0]
[1681776000000, 1.1537, 1.1853, 1.1414, 1.1726, 240887637.0]
[1681862400000, 1.1726, 1.1786, 1.0522, 1.0835, 355832861.0]
[1681948800000, 1.0834, 1.098, 1.0341, 1.0455, 303636223.0]
[1682035200000, 1.0454, 1.057, 0.9934, 1.0108, 296885263.0]
[1682121600000, 1.0109, 1.0283, 1.0049, 1.0237, 160928842.0]
[1682208000000, 1.0237, 1.0328, 0.9758, 1.0028, 272017960.0]
[1682294400000, 1.0028, 1.0259, 0.9716, 0.9885, 381695246.0]
[1682380800000, 0.9886, 1.0167, 0.948, 1.0041, 434198928.0]
[1682467200000, 1.0041, 1.0596, 0.9399, 0.9852, 594841381.0]
[1682553600000, 0.9852, 1.0309, 0.9761, 1.0117, 471037026.0]
[1682640000000, 1.0117, 1.0161, 0.9778, 0.9979, 239224541.0]
[1682726400000, 0.998, 1.0231, 0.9914, 1.0025, 175863051.0]
[1682812800000, 1.0025, 1.016, 0.9733, 0.9798, 223120609.0]
[1682899200000, 0.9799, 0.9877, 0.9451, 0.9583, 275926781.0]
[1682985600000, 0.9583, 0.9805, 0.9506, 0.9766, 220337140.0]
[1683072000000, 0.9765, 1.0177, 0.9617, 1.0057, 391166147.0]
[1683158400000, 1.0057, 1.0079, 0.978, 0.9821, 216291355.0]
[1683244800000, 0.982, 1.0086, 0.9701, 0.9974, 238884677.0]
[1683331200000, 0.9974, 1.005, 0.948, 0.975, 285223362.0]
[1683417600000, 0.975, 0.9847, 0.96, 0.9632, 177000771.0]
[1683504000000, 0.9632, 0.9667, 0.869, 0.8998, 403766407.0]
[1683590400000, 0.8998, 0.9074, 0.865, 0.8755, 294769364.0]
[1683676800000, 0.8755, 0.9057, 0.8282, 0.8759, 561166287.0]
[1683763200000, 0.876, 0.8767, 0.8268, 0.8401, 415352712.0]
[1683849600000, 0.8402, 0.8803, 0.8118, 0.8643, 523818886.0]
[1683936000000, 0.8642, 0.8659, 0.8466, 0.8483, 201660361.0]
[1684022400000, 0.8482, 0.8687, 0.8384, 0.8587, 192659873.0]
[1684108800000, 0.8587, 0.8775, 0.8454, 0.8586, 263520758.0]
[1684195200000, 0.8586, 0.8648, 0.8338, 0.845, 334522841.0]
[1684281600000, 0.845, 0.9014, 0.8389, 0.8864, 515810654.0]
[1684368000000, 0.8863, 0.8961, 0.8415, 0.8717, 468127420.0]
[1684454400000, 0.8718, 0.8807, 0.8621, 0.8712, 223169169.0]
[1684540800000, 0.8712, 0.879, 0.8635, 0.8762, 110331323.0]
[1684627200000, 0.8763, 0.8797, 0.8523, 0.8562, 137858261.0]
[1684713600000, 0.8561, 0.8762, 0.8431, 0.8715, 222223610.0]
[1684800000000, 0.8716, 0.8931, 0.8686, 0.889, 203500871.0]
[1684886400000, 0.889, 0.8905, 0.854, 0.8726, 260461894.0]
[1684972800000, 0.8725, 0.9033, 0.851, 0.8887, 307849793.0]
[1685059200000, 0.8888, 0.9718, 0.8867, 0.91, 629882468.0]
[1685145600000, 0.9101, 0.9235, 0.906, 0.9198, 173409450.0]
[1685232000000, 0.9198, 0.9553, 0.9172, 0.9407, 211927705.0]
[1685318400000, 0.9407, 0.9503, 0.9031, 0.9082, 230335307.0]
[1685404800000, 0.9082, 0.9156, 0.8827, 0.9006, 285164140.0]
[1685491200000, 0.9006, 0.9052, 0.8778, 0.8915, 217404867.0]
[1685577600000, 0.8915, 0.8998, 0.8756, 0.8886, 162493268.0]
[1685664000000, 0.8886, 0.9085, 0.8809, 0.8989, 181835472.0]
[1685750400000, 0.8989, 0.9065, 0.8918, 0.8992, 97657298.0]
[1685836800000, 0.8991, 0.9072, 0.8887, 0.8919, 108001168.0]
[1685923200000, 0.8919, 0.8925, 0.819, 0.835, 306820091.0]
[1686009600000, 0.835, 0.8363, 0.7891, 0.8221, 531532529.0]
[1686096000000, 0.8222, 0.8239, 0.7601, 0.7649, 488849218.0]
[1686182400000, 0.7649, 0.7857, 0.7543, 0.7808, 313758047.0]
[1686268800000, 0.7808, 0.7887, 0.7196, 0.7259, 587278216.0]
[1686355200000, 0.7259, 0.726, 0.5026, 0.6086, 2482439295.0]
[1686441600000, 0.6086, 0.6596, 0.5905, 0.6345, 1209685511.0]
[1686528000000, 0.6345, 0.6565, 0.615, 0.6427, 962596910.0]
[1686614400000, 0.6427, 0.6778, 0.6234, 0.6445, 818740028.0]
[1686700800000, 0.6445, 0.6618, 0.6044, 0.6187, 618120832.0]
[1686787200000, 0.6188, 0.6268, 0.5586, 0.5904, 1194650044.0]
[1686873600000, 0.5904, 0.6, 0.557, 0.59, 1266194614.0]
[1686960000000, 0.59, 0.6386, 0.5843, 0.6133, 793676509.0]
[1687046400000, 0.6132, 0.62, 0.5912, 0.5968, 489187560.0]
[1687132800000, 0.5968, 0.6234, 0.5893, 0.6146, 506115227.0]
[1687219200000, 0.6145, 0.6327, 0.5906, 0.6312, 610179273.0]
[1687305600000, 0.6312, 0.6773, 0.6275, 0.6679, 851898162.0]
[1687392000000, 0.6679, 0.7109, 0.6513, 0.6553, 842254443.0]
[1687478400000, 0.6555, 0.6943, 0.655, 0.6754, 596468593.0]
[1687564800000, 0.6754, 0.6888, 0.6427, 0.6536, 437573499.0]
[1687651200000, 0.6536, 0.6798, 0.6478, 0.6659, 453476036.0]
[1687737600000, 0.6658, 0.6711, 0.6339, 0.6453, 491995727.0]
[1687824000000, 0.6452, 0.672, 0.642, 0.6619, 408419851.0]
[1687910400000, 0.662, 0.663, 0.5908, 0.6127, 704392724.0]
[1687996800000, 0.6127, 0.6438, 0.6102, 0.6238, 449432328.0]
[1688083200000, 0.6238, 0.6699, 0.6056, 0.661, 998206818.0]
[1688169600000, 0.6611, 0.6773, 0.6479, 0.6764, 374548331.0]
[1688256000000, 0.6764, 0.6892, 0.66, 0.6817, 405116228.0]
[1688342400000, 0.6817, 0.7212, 0.6777, 0.7147, 488317170.0]
[1688428800000, 0.7147, 0.719, 0.6903, 0.6954, 413769311.0]
[1688515200000, 0.6954, 0.7058, 0.6584, 0.6702, 463009321.0]
[1688601600000, 0.6703, 0.6998, 0.647, 0.6599, 650035137.0]
[1688688000000, 0.6599, 0.6802, 0.6516, 0.6762, 370959654.0]
[1688774400000, 0.6762, 0.6867, 0.6702, 0.6793, 219759214.0]
[1688860800000, 0.6793, 0.7008, 0.6776, 0.6879, 327970791.0]
[1688947200000, 0.688, 0.7488, 0.6705, 0.7347, 861315639.0]
[1689033600000, 0.7347, 0.7498, 0.7318, 0.7424, 552843606.0]
[1689120000000, 0.7423, 0.7601, 0.7145, 0.7231, 521266233.0]
[1689206400000, 0.7231, 0.894, 0.7119, 0.8506, 1623004103.0]
[1689292800000, 0.8507, 0.882, 0.7722, 0.8072, 929315169.0]
[1689379200000, 0.8072, 0.8258, 0.794, 0.7992, 304793394.0]
[1689465600000, 0.7992, 0.8027, 0.7621, 0.7669, 289359615.0]
[1689552000000, 0.7669, 0.7896, 0.7492, 0.7773, 509506985.0]
[1689638400000, 0.7772, 0.7838, 0.7292, 0.7379, 415067060.0]
[1689724800000, 0.738, 0.7574, 0.7273, 0.7433, 437091104.0]
[1689811200000, 0.7433, 0.8017, 0.7417, 0.7676, 595695533.0]
[1689897600000, 0.7675, 0.7819, 0.7574, 0.7688, 307248544.0]
[1689984000000, 0.7689, 0.7754, 0.7389, 0.7457, 227946448.0]
[1690070400000, 0.7457, 0.7678, 0.738, 0.7568, 188987187.0]
[1690156800000, 0.7567, 0.7617, 0.709, 0.7279, 299910245.0]
[1690243200000, 0.7279, 0.7292, 0.7015, 0.7076, 276258375.0]
[1690329600000, 0.7076, 0.7312, 0.6958, 0.7218, 449962008.0]
[1690416000000, 0.7219, 0.7362, 0.7113, 0.7166, 273163177.0]
[1690502400000, 0.7167, 0.7214, 0.7043, 0.7087, 213339973.0]
[1690588800000, 0.7088, 0.7249, 0.7068, 0.718, 152442411.0]
[1690675200000, 0.7181, 0.7191, 0.6791, 0.6969, 270746035.0]
[1690761600000, 0.6969, 0.7078, 0.68, 0.6873, 268087615.0]
[1690848000000, 0.6874, 0.7049, 0.66, 0.7017, 420975788.0]
[1690934400000, 0.7017, 0.7032, 0.6726, 0.68, 293683980.0]
[1691020800000, 0.6801, 0.6851, 0.6616, 0.6672, 286719295.0]
[1691107200000, 0.6672, 0.678, 0.6561, 0.6639, 230470753.0]
[1691193600000, 0.6639, 0.6689, 0.6571, 0.6671, 156285001.0]
[1691280000000, 0.667, 0.676, 0.6623, 0.6669, 168084675.0]
[1691366400000, 0.667, 0.6844, 0.646, 0.6661, 350400514.0]
[1691452800000, 0.6662, 0.7, 0.6618, 0.6852, 401344582.0]
[1691539200000, 0.6852, 0.6995, 0.6801, 0.69, 250594921.0]
[1691625600000, 0.6899, 0.705, 0.6832, 0.6851, 261043826.0]
[1691712000000, 0.6852, 0.6895, 0.6737, 0.6808, 167175651.0]
[1691798400000, 0.6808, 0.6838, 0.6767, 0.6821, 99516568.0]
[1691884800000, 0.6821, 0.6914, 0.6732, 0.6769, 154836643.0]
[1691971200000, 0.677, 0.6856, 0.6709, 0.6795, 184905036.0]
[1692057600000, 0.6794, 0.6796, 0.6186, 0.6384, 381028172.0]
[1692144000000, 0.6383, 0.6388, 0.6032, 0.6237, 544255767.0]
[1692230400000, 0.6237, 0.6281, 0.516, 0.5715, 761006300.0]
[1692316800000, 0.5716, 0.5845, 0.5598, 0.5772, 502962546.0]
[1692403200000, 0.5773, 0.5881, 0.5672, 0.5765, 247318758.0]
[1692489600000, 0.5764, 0.5815, 0.5694, 0.5797, 184779348.0]
[1692576000000, 0.5796, 0.5805, 0.5466, 0.5566, 375665328.0]
[1692662400000, 0.5567, 0.558, 0.5269, 0.5486, 624102210.0]
[1692748800000, 0.5487, 0.5739, 0.5436, 0.5568, 483874058.0]
[1692835200000, 0.5568, 0.5602, 0.5361, 0.5466, 295545804.0]
[1692921600000, 0.5467, 0.5554, 0.534, 0.546, 356843105.0]
[1693008000000, 0.546, 0.5488, 0.5434, 0.5482, 98989582.0]
[1693094400000, 0.5481, 0.5687, 0.5445, 0.5555, 206454907.0]
[1693180800000, 0.5555, 0.5673, 0.5446, 0.5618, 328486697.0]
[1693267200000, 0.5618, 0.6372, 0.5511, 0.5933, 700933708.0]
[1693353600000, 0.5933, 0.5947, 0.566, 0.5747, 248752576.0]
[1693440000000, 0.5747, 0.5895, 0.5408, 0.5493, 374964911.0]
[1693526400000, 0.5493, 0.5535, 0.5308, 0.54, 279107497.0]
