30m
2023-09-7 20:00:00
[1693738800000, 19.404, 19.413, 19.32, 19.354, 188185.0]
[1693740600000, 19.355, 19.416, 19.314, 19.413, 205460.0]
[1693742400000, 19.414, 19.446, 19.339, 19.425, 238024.0]
[1693744200000, 19.426, 19.557, 19.351, 19.371, 719495.0]
[1693746000000, 19.372, 19.411, 19.272, 19.405, 501812.0]
[1693747800000, 19.406, 19.434, 19.357, 19.374, 169175.0]
[1693749600000, 19.373, 19.389, 19.32, 19.325, 216461.0]
[1693751400000, 19.325, 19.385, 19.32, 19.372, 151628.0]
[1693753200000, 19.371, 19.387, 19.355, 19.375, 104913.0]
[1693755000000, 19.375, 19.398, 19.297, 19.321, 231440.0]
[1693756800000, 19.322, 19.445, 19.313, 19.409, 300735.0]
[1693758600000, 19.41, 19.434, 19.21, 19.324, 564106.0]
[1693760400000, 19.325, 19.367, 19.302, 19.306, 188645.0]
[1693762200000, 19.307, 19.406, 19.302, 19.402, 136625.0]
[1693764000000, 19.401, 19.569, 19.385, 19.46, 601299.0]
[1693765800000, 19.459, 19.497, 19.412, 19.412, 218993.0]
[1693767600000, 19.412, 19.431, 19.394, 19.42, 163546.0]
[1693769400000, 19.42, 19.481, 19.408, 19.475, 178170.0]
[1693771200000, 19.474, 19.559, 19.447, 19.48, 390198.0]
[1693773000000, 19.481, 19.607, 19.447, 19.547, 363221.0]
[1693774800000, 19.549, 19.57, 19.434, 19.451, 241119.0]
[1693776600000, 19.45, 19.48, 19.414, 19.436, 141690.0]
[1693778400000, 19.436, 19.508, 19.413, 19.49, 153449.0]
[1693780200000, 19.49, 19.537, 19.479, 19.508, 116422.0]
[1693782000000, 19.507, 19.542, 19.486, 19.541, 95666.0]
[1693783800000, 19.541, 19.627, 19.536, 19.555, 288924.0]
[1693785600000, 19.554, 19.611, 19.536, 19.598, 188447.0]
[1693787400000, 19.598, 19.875, 19.578, 19.709, 906051.0]
[1693789200000, 19.71, 19.798, 19.675, 19.678, 298285.0]
[1693791000000, 19.677, 19.695, 19.625, 19.66, 232786.0]
[1693792800000, 19.66, 19.709, 19.655, 19.696, 154161.0]
[1693794600000, 19.695, 19.867, 19.695, 19.798, 440097.0]
[1693796400000, 19.797, 20.035, 19.794, 19.825, 856499.0]
[1693798200000, 19.825, 19.872, 19.728, 19.735, 852025.0]
[1693800000000, 19.736, 19.848, 19.735, 19.818, 249558.0]
[1693801800000, 19.819, 19.838, 19.771, 19.784, 154560.0]
[1693803600000, 19.785, 19.811, 19.701, 19.747, 247322.0]
[1693805400000, 19.747, 19.757, 19.654, 19.66, 229708.0]
[1693807200000, 19.66, 19.748, 19.592, 19.729, 398216.0]
[1693809000000, 19.728, 19.8, 19.701, 19.735, 752540.0]
[1693810800000, 19.734, 19.85, 19.712, 19.778, 284296.0]
[1693812600000, 19.777, 19.818, 19.754, 19.764, 228632.0]
[1693814400000, 19.764, 19.865, 19.763, 19.828, 514202.0]
[1693816200000, 19.829, 19.876, 19.788, 19.805, 178968.0]
[1693818000000, 19.805, 19.855, 19.801, 19.813, 158565.0]
[1693819800000, 19.813, 19.831, 19.716, 19.77, 256298.0]
[1693821600000, 19.771, 19.797, 19.738, 19.787, 210725.0]
[1693823400000, 19.787, 19.822, 19.678, 19.711, 373196.0]
[1693825200000, 19.712, 19.735, 19.58, 19.595, 444279.0]
[1693827000000, 19.595, 19.638, 19.572, 19.576, 328284.0]
[1693828800000, 19.576, 19.577, 19.501, 19.55, 533826.0]
[1693830600000, 19.551, 19.552, 19.404, 19.437, 516830.0]
[1693832400000, 19.436, 19.634, 19.39, 19.627, 662951.0]
[1693834200000, 19.627, 19.638, 19.509, 19.528, 421346.0]
[1693836000000, 19.528, 19.595, 19.464, 19.5, 358041.0]
[1693837800000, 19.5, 19.586, 19.444, 19.474, 355109.0]
[1693839600000, 19.475, 19.49, 19.214, 19.37, 1608847.0]
[1693841400000, 19.369, 19.573, 19.334, 19.398, 869937.0]
[1693843200000, 19.398, 19.455, 19.32, 19.423, 424376.0]
[1693845000000, 19.422, 19.441, 19.349, 19.419, 245756.0]
[1693846800000, 19.419, 19.537, 19.352, 19.425, 436554.0]
[1693848600000, 19.425, 19.456, 19.387, 19.411, 208834.0]
[1693850400000, 19.41, 19.441, 19.389, 19.396, 164123.0]
[1693852200000, 19.397, 19.498, 19.369, 19.426, 247817.0]
[1693854000000, 19.427, 19.439, 19.322, 19.346, 271101.0]
[1693855800000, 19.346, 19.448, 19.342, 19.421, 179298.0]
[1693857600000, 19.422, 19.457, 19.387, 19.408, 164014.0]
[1693859400000, 19.408, 19.436, 19.355, 19.425, 217048.0]
[1693861200000, 19.426, 19.434, 19.251, 19.375, 482842.0]
[1693863000000, 19.374, 19.383, 19.138, 19.23, 527848.0]
[1693864800000, 19.229, 19.324, 19.172, 19.268, 398217.0]
[1693866600000, 19.268, 19.336, 19.219, 19.335, 231873.0]
[1693868400000, 19.335, 19.408, 19.315, 19.383, 256228.0]
[1693870200000, 19.384, 19.524, 19.352, 19.514, 560929.0]
[1693872000000, 19.514, 19.555, 19.401, 19.418, 368832.0]
[1693873800000, 19.419, 19.433, 19.288, 19.338, 271767.0]
[1693875600000, 19.339, 19.378, 19.283, 19.369, 257493.0]
[1693877400000, 19.369, 19.42, 19.288, 19.294, 207401.0]
[1693879200000, 19.293, 19.325, 19.226, 19.24, 422874.0]
[1693881000000, 19.241, 19.244, 19.148, 19.155, 432620.0]
[1693882800000, 19.156, 19.231, 19.018, 19.126, 1544929.0]
[1693884600000, 19.126, 19.214, 19.123, 19.211, 308185.0]
[1693886400000, 19.211, 19.262, 19.201, 19.235, 260823.0]
[1693888200000, 19.235, 19.28, 19.233, 19.275, 201721.0]
[1693890000000, 19.275, 19.321, 19.247, 19.294, 246179.0]
[1693891800000, 19.293, 19.334, 19.229, 19.274, 285614.0]
[1693893600000, 19.274, 19.305, 19.243, 19.249, 193894.0]
[1693895400000, 19.249, 19.279, 19.214, 19.242, 245193.0]
[1693897200000, 19.243, 19.307, 19.238, 19.304, 718681.0]
[1693899000000, 19.305, 19.465, 19.305, 19.395, 624641.0]
[1693900800000, 19.395, 19.458, 19.325, 19.337, 466601.0]
[1693902600000, 19.336, 19.378, 19.244, 19.366, 1715243.0]
[1693904400000, 19.366, 19.428, 19.34, 19.389, 280515.0]
[1693906200000, 19.39, 19.52, 19.38, 19.489, 428984.0]
[1693908000000, 19.49, 19.618, 19.471, 19.605, 528590.0]
[1693909800000, 19.605, 19.622, 19.503, 19.514, 391309.0]
[1693911600000, 19.515, 19.564, 19.461, 19.52, 262754.0]
[1693913400000, 19.521, 19.563, 19.43, 19.537, 430694.0]
[1693915200000, 19.537, 19.697, 19.482, 19.569, 1182978.0]
[1693917000000, 19.569, 19.723, 19.481, 19.675, 1073655.0]
[1693918800000, 19.676, 19.735, 19.581, 19.589, 726797.0]
[1693920600000, 19.589, 19.98, 19.583, 19.93, 1787619.0]
[1693922400000, 19.93, 20.421, 19.734, 19.94, 4914321.0]
[1693924200000, 19.939, 20.266, 19.895, 20.124, 1919036.0]
[1693926000000, 20.125, 20.473, 20.02, 20.16, 2508003.0]
[1693927800000, 20.16, 20.6, 20.141, 20.383, 2417259.0]
[1693929600000, 20.384, 20.57, 20.311, 20.427, 1489691.0]
[1693931400000, 20.427, 20.548, 20.233, 20.308, 1386505.0]
[1693933200000, 20.309, 20.35, 20.157, 20.285, 1104282.0]
[1693935000000, 20.285, 20.428, 20.284, 20.368, 685696.0]
[1693936800000, 20.368, 20.4, 20.268, 20.287, 454672.0]
[1693938600000, 20.287, 20.325, 20.221, 20.31, 462212.0]
[1693940400000, 20.31, 20.394, 20.292, 20.311, 361155.0]
[1693942200000, 20.311, 20.361, 20.217, 20.23, 315313.0]
[1693944000000, 20.229, 20.27, 20.127, 20.169, 655328.0]
[1693945800000, 20.17, 20.182, 20.056, 20.158, 606863.0]
[1693947600000, 20.159, 20.334, 20.121, 20.292, 429196.0]
[1693949400000, 20.292, 20.348, 20.218, 20.275, 337276.0]
[1693951200000, 20.275, 20.337, 20.248, 20.282, 298823.0]
[1693953000000, 20.282, 20.283, 20.189, 20.22, 317703.0]
[1693954800000, 20.221, 20.3, 20.181, 20.269, 410659.0]
[1693956600000, 20.269, 20.308, 20.245, 20.257, 209954.0]
[1693958400000, 20.257, 20.38, 20.24, 20.253, 438766.0]
[1693960200000, 20.254, 20.255, 20.127, 20.18, 483668.0]
[1693962000000, 20.18, 20.31, 20.147, 20.297, 429323.0]
[1693963800000, 20.298, 20.316, 20.187, 20.224, 303362.0]
[1693965600000, 20.224, 20.233, 20.105, 20.155, 429462.0]
[1693967400000, 20.155, 20.274, 20.132, 20.239, 386983.0]
[1693969200000, 20.24, 20.273, 20.156, 20.205, 406647.0]
[1693971000000, 20.205, 20.217, 20.073, 20.136, 841007.0]
[1693972800000, 20.135, 20.154, 20.075, 20.109, 289769.0]
[1693974600000, 20.11, 20.14, 19.973, 20.03, 541485.0]
[1693976400000, 20.031, 20.075, 19.861, 19.904, 781575.0]
[1693978200000, 19.905, 19.908, 19.759, 19.806, 953298.0]
[1693980000000, 19.805, 19.901, 19.777, 19.837, 590746.0]
[1693981800000, 19.838, 19.86, 19.702, 19.801, 692589.0]
[1693983600000, 19.802, 19.83, 19.73, 19.829, 521356.0]
[1693985400000, 19.829, 19.853, 19.661, 19.719, 915271.0]
[1693987200000, 19.718, 19.818, 19.708, 19.801, 433057.0]
[1693989000000, 19.801, 19.862, 19.755, 19.777, 370880.0]
[1693990800000, 19.777, 19.846, 19.701, 19.746, 556765.0]
[1693992600000, 19.747, 19.823, 19.742, 19.76, 292242.0]
[1693994400000, 19.76, 19.817, 19.732, 19.744, 315364.0]
[1693996200000, 19.744, 19.79, 19.695, 19.711, 359582.0]
[1693998000000, 19.711, 19.807, 19.693, 19.794, 384981.0]
[1693999800000, 19.795, 19.829, 19.715, 19.741, 445172.0]
[1694001600000, 19.74, 19.814, 19.72, 19.812, 354063.0]
[1694003400000, 19.812, 19.82, 19.736, 19.801, 318396.0]
[1694005200000, 19.8, 19.818, 19.72, 19.729, 325946.0]
[1694007000000, 19.729, 19.804, 19.535, 19.586, 1292981.0]
[1694008800000, 19.585, 19.585, 19.326, 19.448, 2481279.0]
[1694010600000, 19.448, 19.52, 19.329, 19.425, 1222767.0]
[1694012400000, 19.424, 19.425, 19.1, 19.337, 2028074.0]
[1694014200000, 19.337, 19.473, 19.318, 19.377, 781239.0]
[1694016000000, 19.377, 19.384, 19.268, 19.291, 702674.0]
[1694017800000, 19.291, 19.41, 19.284, 19.328, 480390.0]
[1694019600000, 19.329, 19.47, 19.105, 19.441, 2102552.0]
[1694021400000, 19.441, 19.91, 19.367, 19.636, 2421924.0]
[1694023200000, 19.636, 19.747, 19.328, 19.45, 2094263.0]
[1694025000000, 19.45, 19.544, 19.378, 19.423, 629956.0]
[1694026800000, 19.423, 19.515, 19.386, 19.494, 493805.0]
[1694028600000, 19.494, 19.528, 19.434, 19.466, 267257.0]
[1694030400000, 19.466, 19.578, 19.462, 19.506, 375752.0]
[1694032200000, 19.507, 19.603, 19.499, 19.538, 325941.0]
[1694034000000, 19.539, 19.636, 19.533, 19.632, 221403.0]
[1694035800000, 19.632, 19.656, 19.606, 19.606, 166822.0]
[1694037600000, 19.607, 19.638, 19.523, 19.57, 419327.0]
[1694039400000, 19.571, 19.598, 19.541, 19.579, 266615.0]
[1694041200000, 19.579, 19.642, 19.544, 19.617, 229150.0]
[1694043000000, 19.616, 19.64, 19.587, 19.62, 177084.0]
[1694044800000, 19.619, 19.635, 19.562, 19.574, 263373.0]
[1694046600000, 19.573, 19.62, 19.555, 19.603, 239105.0]
[1694048400000, 19.602, 19.697, 19.584, 19.586, 562171.0]
[1694050200000, 19.587, 19.646, 19.555, 19.631, 195306.0]
[1694052000000, 19.632, 19.742, 19.626, 19.733, 511136.0]
[1694053800000, 19.733, 19.747, 19.663, 19.685, 212298.0]
[1694055600000, 19.685, 19.727, 19.63, 19.708, 266194.0]
[1694057400000, 19.707, 19.796, 19.707, 19.75, 993051.0]
[1694059200000, 19.751, 19.814, 19.689, 19.701, 500495.0]
[1694061000000, 19.701, 19.734, 19.664, 19.707, 272957.0]
[1694062800000, 19.708, 19.731, 19.65, 19.655, 207133.0]
[1694064600000, 19.656, 19.714, 19.656, 19.686, 227887.0]
[1694066400000, 19.687, 19.695, 19.609, 19.669, 268440.0]
[1694068200000, 19.669, 19.697, 19.613, 19.62, 809385.0]
[1694070000000, 19.62, 19.629, 19.536, 19.556, 460765.0]
[1694071800000, 19.556, 19.596, 19.532, 19.54, 214864.0]
[1694073600000, 19.541, 19.548, 19.444, 19.483, 528002.0]
[1694075400000, 19.483, 19.523, 19.452, 19.523, 264805.0]
[1694077200000, 19.523, 19.583, 19.497, 19.546, 305203.0]
[1694079000000, 19.547, 19.587, 19.48, 19.501, 435638.0]
[1694080800000, 19.501, 19.525, 19.473, 19.503, 192681.0]
[1694082600000, 19.504, 19.505, 19.393, 19.444, 463449.0]
[1694084400000, 19.444, 19.474, 19.362, 19.379, 334709.0]
[1694086200000, 19.379, 19.422, 19.35, 19.393, 353204.0]
[1694088000000, 19.393, 19.468, 19.36, 19.456, 324838.0]
[1694089800000, 19.456, 19.456, 19.358, 19.416, 414533.0]
[1694091600000, 19.416, 19.459, 19.374, 19.445, 320751.0]
[1694093400000, 19.445, 19.548, 19.332, 19.372, 854532.0]
[1694095200000, 19.372, 19.455, 19.312, 19.407, 529159.0]
[1694097000000, 19.407, 19.514, 19.353, 19.511, 509954.0]
[1694098800000, 19.51, 19.627, 19.48, 19.488, 765328.0]
[1694100600000, 19.487, 19.522, 19.447, 19.512, 377910.0]
[1694102400000, 19.512, 19.648, 19.51, 19.627, 694290.0]
[1694104200000, 19.628, 19.742, 19.604, 19.611, 935702.0]
[1694106000000, 19.611, 19.678, 19.526, 19.678, 577826.0]
[1694107800000, 19.679, 19.73, 19.633, 19.69, 441966.0]
[1694109600000, 19.69, 19.747, 19.612, 19.619, 471583.0]
[1694111400000, 19.619, 19.675, 19.576, 19.664, 338436.0]
[1694113200000, 19.664, 19.679, 19.574, 19.632, 251811.0]
[1694115000000, 19.632, 19.678, 19.615, 19.651, 215529.0]
[1694116800000, 19.65, 19.679, 19.602, 19.671, 238511.0]
[1694118600000, 19.67, 19.744, 19.637, 19.716, 372644.0]
[1694120400000, 19.715, 19.992, 19.714, 19.795, 2120986.0]
[1694122200000, 19.795, 19.84, 19.753, 19.795, 462046.0]
[1694124000000, 19.795, 19.929, 19.795, 19.854, 492356.0]
[1694125800000, 19.854, 19.987, 19.847, 19.92, 818539.0]
[1694127600000, 19.921, 19.99, 19.791, 19.821, 528873.0]
[1694129400000, 19.821, 19.913, 19.783, 19.9, 346720.0]
[1694131200000, 19.901, 19.938, 19.819, 19.903, 409382.0]
[1694133000000, 19.904, 20.28, 19.903, 20.177, 1340984.0]
[1694134800000, 20.178, 20.222, 20.036, 20.052, 587933.0]
[1694136600000, 20.053, 20.123, 20.004, 20.011, 360624.0]
[1694138400000, 20.011, 20.038, 19.904, 19.945, 398179.0]
[1694140200000, 19.944, 19.962, 19.884, 19.939, 395739.0]
[1694142000000, 19.939, 19.991, 19.896, 19.963, 247210.0]
[1694143800000, 19.963, 20.032, 19.954, 20.004, 234583.0]
[1694145600000, 20.004, 20.038, 19.911, 19.933, 370477.0]
[1694147400000, 19.934, 20.072, 19.925, 20.029, 379675.0]
[1694149200000, 20.029, 20.056, 19.962, 19.982, 321457.0]
[1694151000000, 19.982, 19.984, 19.849, 19.856, 533139.0]
[1694152800000, 19.857, 19.924, 19.812, 19.916, 807699.0]
[1694154600000, 19.916, 19.916, 19.844, 19.895, 299540.0]
[1694156400000, 19.895, 19.921, 19.857, 19.903, 225025.0]
[1694158200000, 19.904, 19.909, 19.828, 19.9, 213935.0]
[1694160000000, 19.899, 19.905, 19.707, 19.778, 834439.0]
[1694161800000, 19.779, 19.804, 19.711, 19.734, 340271.0]
[1694163600000, 19.735, 19.735, 19.674, 19.695, 446768.0]
[1694165400000, 19.695, 19.718, 19.603, 19.603, 557992.0]
[1694167200000, 19.606, 19.607, 19.341, 19.568, 2529607.0]
[1694169000000, 19.569, 19.631, 19.523, 19.561, 612497.0]
[1694170800000, 19.561, 19.657, 19.533, 19.565, 478974.0]
[1694172600000, 19.564, 19.583, 19.483, 19.53, 392086.0]
[1694174400000, 19.531, 19.636, 19.509, 19.62, 370376.0]
